8
11
15
17
23
27
28
31
35
39
48
52
56
58
62
68
69
74
82
89
90
92
97
103
105
114
122
126
134
137
138
147
156
164
165
166
171
174
178
183
191
194
201
206
213
214
216
220
221
223
226
232
242
243
245
246
247
249
254
256
267
280
281
283
299
307
313
316
319
323
324
329
332
339
349
357
359
360
362
386
390
394
398
404
407
408
410
418
419
422
425
426
427
434
449
452
455
463
471
473
476
478
480
491
496
498
509
520
527
528
543
547
548
554
557
558
563
575
576
589
590
603
620
626
629
635
642
645
646
649
650
652
656
657
668
671
682
689
690
715
719
720
728
733
739
742
744
745
746
747
751
760
761
766
767
768
770
772
773
776
777
788
789
801
803
806
810
815
817
828
832
834
850
851
861
864
876
891
906
908
911
912
915
924
929
934
939
944
948
950
964
979
988
993
1000
1003
1007
1010
1016
1017
1029
1032
1033
1065
1069
1088
1089
1090
1091
1096
1104
1108
1111
1113
1115
1116
1129
1130
1131
1132
1133
1135
1138
1140
1141
1147
1159
1164
1166
1170
1171
1182
1187
1205
1210
1214
1215
1222
1225
1233
1240
1243
1244
1248
1257
1262
1274
1275
1288
1289
1292
1302
1303
1309
1321
1325
1330
1332
1335
1336
1345
1348
1352
1353
1356
1358
1363
1364
1370
1374
1378
1387
1397
1403
1413
1416
1418
1420
1435
1436
1439
1444
1447
1449
1457
1462
1470
1472
1484
1492
1513
1516
1520
1534
1536
1538
1566
1576
1580
1585
1591
1592
1596
1608
1609
1619
1622
1633
1639
1647
1654
1660
1661
1665
1666
1673
1674
1687
1689
1697
1699
1701
1704
1707
1713
1714
1720
1723
1725
1728
1731
1738
1739
1750
1754
1757
1758
1759
1766
1768
1771
1774
1777
1778
1780
1781
1783
1784
1794
1796
1805
1809
1811
1812
1819
1823
1826
1833
1834
1836
1848
1852
1862
1863
1866
1872
1885
1888
1889
1895
1903
1907
1908
1911
1912
1924
1927
1929
1931
1932
1935
1936
1937
1941
1954
1959
1962
1964
1972
1976
1977
1981
1984
1989
1990
1991
1999
2008
2022
2030
2036
2037
2042
2044
2046
2047
2060
2070
2079
2083
2087
2089
2091
2094
2100
2103
2114
2116
2121
2122
2127
2137
2138
2147
2148
2150
2151
2167
2168
2171
2175
2177
2193
2196
2197
2205
2210
2211
2218
2219
2220
2224
2225
2226
2230
2231
2238
2244
2253
2260
2261
2263
2267
2268
2273
2283
2285
2289
2292
2298
2299
2306
2307
2309
2314
2319
2324
2328
2334
2339
2340
2343
2347
2351
2358
2359
2363
2367
2369
2378
2379
2388
2392
2408
2427
2431
2436
2442
2447
2450
2460
2463
2466
2470
2473
2474
2480
2481
2483
2490
