11105
6075
15788
10122
16588
29349
7596
28307
2775
14924
19358
29516
31048
113
12046
26779
30387
15201
743
1113
28134
17865
9711
7613
16004
4300
21649
4120
25839
15443
12255
13763
22891
2468
13783
3926
27265
23607
3813
27419
5794
15556
21674
8387
10509
4769
13820
13655
7667
1867
7214
31601
4568
18499
13713
939
16444
6939
2362
29016
21883
30672
30726
1906
6130
7514
20188
468
11363
21634
20018
3753
31130
21748
19155
31781
28497
149
19423
28275
13394
26902
18963
12782
32731
21450
29770
32147
8774
12212
7492
14774
233
12773
13991
7925
2364
3077
32067
16747
24377
28975
15002
23590
19209
23810
16288
28890
10716
20724
31935
4054
26137
31722
23326
23608
15031
6
15139
8285
17898
19136
15415
1692
12035
13113
12745
18996
25489
21195
27029
29826
12237
19429
10022
31352
13877
29462
30873
20042
2678
3687
18597
14698
29583
7918
20952
4791
6452
26784
22307
9458
8304
11367
17817
22897
31631
18549
9076
31511
28987
13015
28761
9603
7909
589
23261
13448
31335
31065
28487
18397
5863
18326
9111
12054
12542
30027
25800
20947
17945
11584
2387
26680
15136
22736
19700
6045
22102
16960
14768
18310
4225
12623
8727
17109
330
13838
4295
31038
27366
5618
20785
29948
10486
3880
30112
22722
1708
26152
32375
31221
16432
29069
1721
27416
13122
6180
6607
2696
800
30019
5766
26985
13226
5980
17240
7904
32708
3281
30700
23426
28412
13066
32736
20749
28269
31686
6853
16982
28898
7342
15723
20355
23103
23856
30815
21114
14877
30346
10163
24474
6581
14885
20477
16040
24831
29221
19618
28684
5915
12350
13141
4669
495
32457
4314
15226
26898
10263
25360
7099
32744
2053
29742
31463
15119
7120
31565
26439
5370
17451
9767
10299
1500
28047
28702
18731
13000
4819
27264
20673
6166
19964
23049
30805
13064
27478
19881
30633
28334
12996
4744
14551
22534
23380
10568
2183
23912
23830
8330
5733
7457
5423
30899
22995
1887
28713
29936
11994
22349
3725
32119
16231
10110
6068
30480
3252
9615
13268
11524
10504
15988
24885
4499
12676
3523
5951
26829
4114
27934
28862
16346
16829
14047
19914
12804
9882
20603
14750
4309
15996
6673
7782
15899
17165
2419
29248
17276
29924
26353
5610
29136
31520
16856
22697
23164
11421
28704
30164
14899
23057
11065
32365
26109
11316
16776
28052
31115
26823
22365
13737
16327
2261
13350
10421
2480
1081
28643
16390
26469
30304
5338
1818
30591
80
2444
11711
16548
3049
22247
1399
18778
21611
7869
28193
25112
22585
22133
30166
21923
6109
6657
12306
29592
17995
11024
2068
10564
20074
28804
4743
7356
20944
2598
8801
32298
1229
19608
9484
870
2988
14732
2500
16838
15669
18484
14400
23094
28279
4601
23188
11147
11204
14192
32342
32532
764
4490
20735
25458
17167
779
31637
10666
21693
32317
24967
14457
4256
4837
18137
10728
13933
6262
8576
26399
26999
18565
6672
13950
22132
23933
32660
28650
26244
2452
12989
19301
9071
23037
19520
32226
12590
23135
633
6231
174
3207
4692
23827
8144
2138
12141
32594
19124
22541
16246
271
8759
25752
25818
8985
11194
1639
7327
7017
32294
3667
29585
1459
16428
23250
5789
16955
23506
19818
17019
14058
2859
13420
22160
9889
8805
31966
3858
4813
15114
16569
10861
23356
9343
1365
32229
4143
15825
15905
15741
10928
7344
26519
31512
7973
9660
20079
8415
31232
22291
27362
6028
23996
22868
9218
31848
25691
10766
14209
11765
32482
32044
17742
8534
14244
24187
12775
4159
16886
24621
23367
6044
19684
21670
21310
12238
842
14018
5698
16120
4196
17063
17523
10039
1504
22200
22698
1173
32255
8944
9852
4846
15813
11373
5090
105
23182
5025
24018
31539
23202
21323
11107
2071
370
27557
23601
10064
12575
19935
5635
15259
1340
7117
21931
26512
2773
4061
1838
21809
8523
26917
7108
4818
14488
16227
14302
2117
2104
6360
18881
4633
23947
11445
3559
5289
32270
4817
17375
31776
25811
23372
30552
12603
18802
24444
19280
28594
13794
18559
9103
21083
23535
15223
11656
21773
5702
22638
14573
14653
20177
5813
153
11246
9692
10962
21728
5239
13984
7883
26116
3611
26052
21357
16178
26000
23971
31575
31262
30989
16804
12836
29321
27042
20912
3820
7860
25043
9792
16397
19482
12166
29370
5163
5214
13599
16893
5237
7811
30185
24890
5162
91
16824
27911
22876
21570
17356
13486
17141
22284
30969
26571
4087
8763
20741
16918
11272
10621
9517
18998
16060
29302
11990
4291
3269
16019
22043
27999
8176
10582
19269
1728
7530
14152
25744
28356
20975
15173
15919
21089
29164
9754
7057
26074
9441
29778
28131
24889
24586
11852
9174
8441
21566
11921
9890
16131
29463
10315
14300
20307
30876
10018
28700
23674
12975
19088
11810
20929
19471
32015
23558
13359
11193
26489
9679
19454
21515
12677
18406
2372
17622
11150
8651
7123
17332
17815
24839
16989
32412
30605
22626
5340
15539
32459
22357
20016
4453
5348
5570
22794
17845
924
2019
9226
27601
14903
11905
292
20714
18423
14182
5192
16706
24544
532
5442
21127
18878
23735
26847
10335
25705
3417
21841
26436
7496
31573
21972
18834
276
3342
20882
2782
18910
3552
14788
7562
3668
12375
21275
24214
30272
159
11870
15289
6225
5204
32689
25886
15355
26852
17256
31017
18811
28150
16799
16130
27310
5469
168
24428
31009
563
15326
18918
423
15371
4695
16315
9386
29880
30056
6267
6350
4195
24683
10923
16593
29659
15807
11452
22710
3371
7441
8762
32290
19058
7898
10566
6150
29423
14633
15430
24958
5724
14755
15323
7161
1661
10440
21780
11419
3832
29304
6113
10463
24423
30645
20938
5761
23468
28074
224
25243
18052
11756
29428
21518
31328
23553
25864
32035
9328
1055
14083
28786
13824
5941
1961
15619
7
26672
19657
30132
11517
3703
15288
18394
3310
20919
5631
25899
26573
742
11857
17628
18954
26242
14784
32614
5146
16688
19790
12295
28432
18187
24517
21447
7325
30006
11533
28626
6933
24254
21104
24173
25834
29447
16671
5626
8371
20633
19685
32635
20213
20928
16612
27482
10500
2771
24367
22063
12453
20431
24540
15238
18374
15679
26203
1506
28780
18527
24838
16386
18668
6784
1784
27490
6238
15278
26659
8197
32591
20625
17309
22898
8374
28561
6203
5373
22313
20797
9057
9543
19025
24558
16920
24328
27303
26721
780
2353
32576
8906
2428
31273
12228
22078
12895
32508
18199
12833
32608
9017
12508
2205
31442
1403
6293
310
28657
16024
1036
22949
30827
18715
27891
10467
799
31989
7623
22660
14372
29551
22010
18502
24077
26467
31056
20458
9323
26028
20106
4930
30612
25051
4418
23692
16803
811
23318
28926
15552
15800
10248
5026
15010
3051
31269
10852
1361
23609
24677
15665
1805
10403
22588
24834
9709
1955
9871
15702
8014
17326
40
29852
25994
1042
32750
17328
22874
8378
5872
5625
26369
19188
5545
7885
8388
30505
464
4170
4539
7739
16371
22548
24329
18065
7022
14435
5393
4562
6882
6828
16268
17572
30947
30078
18392
31674
5361
18858
3475
12813
28842
31398
28009
31849
3389
1587
10794
7724
15650
24382
27680
23371
15881
28676
19103
11157
12048
1914
5085
13116
14136
13804
18180
9361
28698
23780
29830
28431
26838
30285
30897
24475
21837
22232
17539
5642
15760
28575
10431
29668
16791
21257
22336
26727
17719
237
3726
15823
6222
15866
9135
19413
28481
31318
24128
13174
16296
2949
23236
2037
21831
15757
26427
2339
13121
32599
3575
21214
5512
11865
17067
9688
9880
17778
26053
11674
15717
29461
4605
26568
14225
23210
26670
4262
17379
1329
19813
14555
12533
17705
20280
26741
5164
4528
8794
29486
23789
7403
28524
25069
10254
10664
25109
5520
26507
25666
11860
1769
12923
17093
21
18438
20802
12371
2307
10934
23047
1991
8350
12360
29033
8599
10893
9878
877
30975
14133
5699
2235
11356
4746
26176
11275
23766
13605
22677
25562
12609
19352
17502
21601
69
18430
12563
3527
26045
12758
14093
31382
18270
10257
18758
4716
3225
18793
19553
9459
3522
30453
7914
20754
32369
9466
30430
31845
11781
14446
24299
567
23606
10752
30463
20445
7391
10615
31114
30128
4686
18100
4726
7487
30694
26460
2406
17909
3189
22492
7844
32321
30401
28075
13402
14323
22628
7887
15338
730
12963
236
729
28631
27093
30176
27576
1265
12020
24083
24242
12945
30386
26694
8723
12223
24948
22616
15121
14953
3267
4034
5903
5372
20907
25199
23836
8660
16992
11727
30909
21240
11048
26151
16876
16900
6772
3627
26208
1126
13392
19662
30735
4045
21758
5465
17650
17119
18142
5562
23560
26155
3986
24351
25501
14686
31940
9420
24761
13781
27913
28739
18114
21170
12488
16454
17978
25829
15351
12368
31886
6695
32724
788
19821
24390
20353
25646
12795
12613
5320
13264
28916
17921
20446
19433
11479
25867
23783
16284
30095
17075
12016
7507
32493
713
21707
15673
17155
9495
21108
1477
22280
2381
2373
27190
30024
6421
12947
7071
13145
22849
12082
27024
3160
23301
989
23787
24694
19812
29911
29939
3507
17129
1235
15014
1514
32663
23314
7757
1550
25378
21329
21171
17248
17871
7760
7632
19194
18800
31171
12391
23699
13043
32149
22811
26167
10764
32384
15611
15093
3569
686
7701
22266
25394
20804
26766
28960
21321
17311
20187
30298
15325
30260
21587
10173
25760
18246
22354
13153
7694
14121
8033
15389
7313
28846
5655
31245
25928
25393
23511
18230
16348
13711
17842
20739
3477
18239
28223
12457
32235
14033
20367
2739
6681
30372
6464
16226
16138
22041
19011
3950
12770
12247
5238
24529
5130
28340
16691
7379
28874
17617
2982
8397
26928
25235
8629
14748
11380
13556
1604
26645
16081
3524
4200
16174
16185
18612
17245
12865
7274
32544
25184
2472
1834
16705
5395
1418
22993
28580
11042
8948
6409
18651
17191
14124
29138
32626
22731
21826
22729
27685
32302
11945
12367
17546
31106
3602
23718
6163
19585
9865
28710
4897
21997
18625
17227
3216
12354
2072
13187
25959
3197
5477
8931
22969
20342
14065
8217
6512
451
19106
10353
27631
14369
18237
22469
25034
29011
22687
17651
11648
28330
28776
14958
20943
16833
19542
26443
18563
10243
29624
14059
2957
16237
10534
19418
13396
30869
8695
9552
27116
10452
7125
29140
26688
19316
32610
30763
2181
32263
9670
25063
28372
12750
25230
32374
3764
9929
26122
11254
16537
15148
7923
16970
20650
20237
24401
13422
27335
4191
18588
23559
1995
17187
17186
9023
16398
23005
1192
207
10031
29253
27220
31325
5392
2624
10699
8457
33
270
7574
15427
19682
14533
12490
5855
13987
27646
11752
8811
13710
3022
29954
25792
1512
14840
23839
25559
13460
13152
17633
990
21721
16067
2955
17253
29606
17003
17073
6801
28044
30391
24337
15334
16236
5047
13170
4832
15202
9573
25253
25455
10913
17100
4537
31893
6981
11993
15590
12627
19839
19723
20712
449
11801
20443
3048
29367
12437
5771
25259
11828
32264
17930
769
1580
15082
23714
1937
9904
14589
1228
25644
23762
20734
13008
2125
13616
3045
32597
20296
28123
32590
31260
22575
32430
1146
5358
5367
31710
24727
15059
21719
1745
16961
26501
19953
16692
14408
21284
27188
30280
1460
1579
23425
28284
30470
27043
15116
8513
7361
10135
14342
14618
3881
28615
6521
7666
8011
29856
6003
31155
6461
20326
27412
31655
25287
22479
23219
18562
1618
14102
9827
21280
7851
16821
5831
26268
9117
9844
1682
6357
18275
21541
19281
6501
12431
21077
13543
31858
17213
5382
29150
22186
8312
23529
6838
6115
3280
23841
16787
11262
7594
3402
10802
8978
20698
10426
9415
17012
25094
4400
13055
29918
22984
2595
32700
24362
17312
937
23102
13731
23673
31122
30571
8358
5646
5692
6516
21940
7084
13390
23222
18116
5177
10409
8158
23518
17781
26780
30033
27365
31872
24663
23499
25013
24477
3491
18501
22126
3381
23325
29198
11295
13806
4721
26950
20766
64
31691
30598
23979
29165
4187
15349
15865
27746
15098
7207
8196
19485
5865
12529
29197
22825
6970
17098
18176
15643
14402
15704
23974
29822
30043
23683
31743
10274
10153
29233
30831
12455
29143
20657
27924
19591
12808
20710
30551
3089
936
27073
17993
25573
4711
19985
23632
4881
25995
21850
11753
21302
8594
23072
27202
24171
24185
10784
32609
17388
8855
22055
3956
24453
21401
502
28864
10674
22044
21901
27099
21253
19324
5033
32283
11976
25062
24142
12516
27317
19451
11003
13709
11017
29935
6749
23075
7759
19524
1061
17331
2604
14151
16018
3146
2568
26381
27762
26961
25658
5346
31987
31760
10363
30443
23991
2928
4762
26633
4902
2821
1394
18175
11016
4939
12826
20696
15699
12080
16219
31363
8915
1383
3521
11430
3980
12743
3393
2945
6444
26518
9224
3537
28806
12269
9239
13738
26414
20126
22600
8071
28800
20261
11642
5858
13284
24027
30445
22786
5201
16749
31253
20752
2189
27833
8318
9155
16359
2672
32677
17495
12096
4540
22035
1369
917
8679
1100
19393
30059
21632
20085
22700
22712
10160
3040
28854
16376
787
26765
10093
27090
32454
24561
32518
12792
8386
21751
2383
1128
27461
12005
14672
8284
1472
15783
30382
7831
3666
10090
1848
31416
27371
28655
32514
23195
17349
4370
22719
21805
6211
28018
7039
5375
14394
3910
14361
9008
8935
19385
22672
24210
6400
21851
19604
4543
29351
27618
25347
10617
24280
32746
1749
27295
28875
14365
18774
16908
27897
7799
7192
12902
27072
26514
2666
29995
631
23447
20508
10769
4118
29449
31002
20574
27544
24201
203
3567
6967
25587
19444
20871
13128
31193
28519
31087
2028
20645
27679
565
27154
18699
3006
9332
32046
27297
23251
16967
32446
24594
27225
10606
13584
6098
9454
15969
19687
31015
29602
12914
10094
16292
7926
8088
7995
11602
30790
22831
19674
23445
11103
23681
27209
5464
12067
25311
21481
3042
10048
11030
31308
2516
23728
13553
16248
29882
14645
8815
22643
24639
3717
10531
17835
21725
15126
18028
15897
20220
9666
29071
6266
21681
23896
23276
27975
24547
27191
18233
5352
13228
24091
12302
22053
8449
5686
19878
22749
32406
25475
28132
12538
22524
3415
15508
5540
6156
25145
24820
6325
12937
19187
5234
29293
4353
5097
5816
13672
18164
24746
8934
32460
20793
32197
18974
30407
25756
1246
22342
13625
4044
1792
8201
24237
13429
12597
3470
7081
8020
13263
23448
10628
20763
17074
8076
29712
30077
29625
13096
16742
61
21846
12566
15804
19846
31908
5321
22800
11911
11764
15397
2133
10984
11124
14321
21320
15693
4049
22650
10258
15878
27445
12897
11733
11070
31653
10429
7672
624
1050
22883
27885
30221
21929
13134
7330
7919
118
27497
20522
29833
1336
14522
4279
1957
25301
6984
13848
29343
18895
17123
11502
15205
1258
22609
13692
25385
13705
27494
17732
32248
5860
308
26748
12203
21496
26291
20007
22880
19238
22258
32223
8470
19115
17072
12547
1242
1809
14501
9971
4056
32762
4997
13024
20045
14649
970
31052
29594
24164
4
19994
12966
8587
9333
32090
7280
5585
27122
8237
19283
28494
9804
7924
2241
2554
23715
27421
20478
17754
14971
22506
21461
17247
27410
28788
3210
3723
13554
28399
25103
27477
14639
18042
22735
20577
1643
21687
1158
8502
4674
18298
3265
251
23672
29550
31862
22801
30679
27314
7628
13807
7139
22240
6136
2306
29203
27008
30154
6634
12415
2581
29380
12305
19213
5792
24262
17509
23877
27033
25399
28734
6769
11059
333
657
24063
12339
17800
30054
6952
15107
22412
28623
21250
13537
32395
24236
9759
31412
29865
10406
14304
22610
23948
26457
22000
7395
11223
16323
15638
26502
22508
29385
27760
13682
14965
17794
17299
1539
9289
7462
27192
1013
11064
24844
6300
15863
9268
32583
21149
16669
14731
19493
2454
30389
28530
20484
9309
15847
29497
15460
6316
17134
19864
3594
27169
326
28301
12229
11623
6991
23835
30049
21252
18540
30764
18479
19666
14625
10017
7373
15474
23665
15580
16875
7183
30640
32065
10783
14671
7985
12336
24436
27730
29031
11276
30624
22222
5689
6407
1437
30797
28821
27044
8175
790
18488
27390
12890
31407
32289
30566
30197
7073
25926
15438
12160
28795
5990
10231
16093
20228
4967
294
31454
10697
23041
27230
10626
30573
23323
14702
27980
25697
2441
29581
15985
24632
2587
4029
8745
14684
7952
26619
27481
8783
26605
3712
20400
23510
15603
27357
1932
12198
10387
26380
30993
16167
2855
12151
9951
5995
30890
22194
10238
24546
11022
20081
32070
28350
1439
3984
5296
12387
24641
31541
11703
29965
6275
7563
29401
10607
30493
15095
9514
20474
13124
15976
7528
24784
4171
5401
1524
19578
23512
14944
6283
29105
10368
9668
20368
6478
8929
23859
18121
10065
14607
2119
29178
16574
15115
14792
20568
323
18908
29297
29760
13339
15586
16631
13097
5170
29032
9031
22410
14456
3343
16595
2525
22259
15639
31364
19425
7764
26893
19979
12731
8278
18868
5175
16583
5096
31877
5986
6305
10795
3538
29545
28715
5059
13328
26587
11413
9094
32516
15499
8481
11949
32716
30696
30998
22225
11104
13025
24965
18450
14128
21238
4085
19266
19693
15558
30366
13594
23820
1204
4664
29543
11541
14598
14389
10200
20172
8963
23345
16307
22970
10479
18334
23064
23754
7495
22353
16320
7355
29988
18247
632
12553
26131
8497
19414
14298
28712
20898
20405
26854
12868
27078
20768
22367
7657
21480
5317
27277
7500
12600
22438
18870
24492
17612
7698
16192
16355
4068
22297
31035
882
20138
15447
7810
27354
4089
6684
1889
29686
19134
957
10217
30813
4296
10275
1647
27621
12837
21617
17306
5222
9690
2534
26810
28353
27351
11014
28763
25889
29993
1012
14977
31602
12835
29368
20335
14486
12077
25965
9231
30136
771
4991
28773
24903
17352
28942
13814
28226
10436
25930
3951
29184
20440
5009
15655
1044
15980
4987
13239
12724
9437
10360
22807
30965
13813
6913
30765
18782
19550
3476
8572
31899
3690
30821
365
7349
11177
1140
23696
4723
17684
17282
3002
5431
3137
32471
10601
18019
28243
15128
893
26851
23773
13473
3867
5119
7452
27864
25885
3026
11110
27424
6406
9538
26417
13358
202
31856
12409
32028
1004
29824
29222
1027
2898
9821
12104
32657
8711
17250
15626
3864
4938
12628
19013
3443
9304
3785
1599
3096
10529
5200
31117
23670
12300
25540
4833
26033
20475
8029
9001
11232
22426
15422
31133
10236
24359
19144
27422
11802
6235
8806
17034
7488
14825
768
6714
19966
5004
30912
24123
2677
23536
24696
25769
8165
20707
1857
13110
19931
16212
4064
13256
14873
30970
3849
15412
28768
20732
19851
31752
4609
504
6624
25198
16613
593
22535
14241
10895
16579
1181
27486
3870
3846
13384
25151
6419
9378
23360
12079
250
17413
11791
289
5197
13779
32661
6402
9109
3709
16462
23531
7122
29205
728
21916
20253
19041
10671
16166
12428
9006
8764
24039
1878
8422
20750
20155
23863
17765
4465
11286
30473
31226
3814
8435
24811
31178
27655
18744
5788
15740
8680
5870
2220
23023
26595
4657
25651
19416
32603
23340
922
14819
21945
18969
818
11952
7049
27632
18195
23825
16274
6797
29265
26629
1710
27344
17537
19911
11544
9004
13446
22179
6911
1600
12844
24909
1898
22021
21781
20017
6949
31199
416
24703
31663
29733
6239
32720
5708
20701
14796
15628
29127
29239
7819
18388
23454
25091
30586
26778
13842
20097
26591
1150
6050
9867
21567
24970
18899
29435
16600
30002
20615
30428
15102
2780
741
28304
7614
32077
26473
10663
20583
1578
20362
14687
22577
7231
3641
24272
5800
23218
21135
32228
7187
14963
23420
3862
20122
26057
10080
23984
1217
3818
22855
430
32306
7921
21379
9292
2301
20863
26172
17258
26403
25057
14554
13189
1332
18887
4893
26140
17288
5823
30741
1347
9947
4254
10723
21463
18534
22627
20638
23498
21345
23897
9914
26222
7872
28336
13982
4168
9434
8352
26190
31219
8677
3740
13126
31630
23507
15324
27969
4470
22009
17278
7798
25832
1463
6217
19781
17706
16929
25015
12847
6923
23004
22704
15691
9909
5525
6223
28673
8060
10953
29498
15381
18544
23884
25827
24524
19830
28406
31209
15849
27091
19202
21150
27780
22377
28255
6555
25600
2864
628
5730
27867
14391
11482
23035
5752
29605
14747
20214
6689
5145
23610
18537
13971
8191
3264
4703
2318
3275
3815
21129
5108
11311
2492
2889
20787
5166
28612
1891
14740
3908
796
15433
1447
10675
15113
21700
3020
14893
31309
23348
10458
12874
13445
12578
21647
29933
12429
12657
13741
28083
11045
26418
10002
22472
20306
31649
28186
24562
2126
21543
10193
16353
21626
32385
3685
9346
452
30817
25040
5216
27653
9032
24157
30767
16504
405
7874
23132
4126
3927
24994
24928
7520
18518
32068
1271
29421
28649
12809
14239
7537
14572
11668
12419
8812
17470
272
2292
1707
7179
1104
29250
3492
16042
13640
15057
6845
25431
25349
2776
27932
31300
12545
7466
18879
20542
14780
24900
28118
28944
5436
25887
11891
7404
20949
21262
19635
4167
2015
30523
12289
20174
15871
11682
25622
29669
29985
16611
2803
4526
6768
1521
4613
23087
29676
27063
12870
16887
18154
4654
18694
6699
11896
15888
19872
14739
25793
6483
24209
4240
15940
32196
21615
13067
31612
1359
20115
19967
20417
21849
17192
24681
27979
3752
12475
23920
28209
18496
25167
29663
22180
996
26541
28637
27958
11691
20308
5153
656
4656
24115
12807
26298
29962
27855
26002
17024
24516
3779
17553
5427
24026
25141
20580
4485
29382
18947
22653
8428
6843
26603
29881
17571
14227
9640
31216
2035
18953
22877
7371
26544
19240
2359
14037
21254
14851
25045
10614
12711
14029
23900
23067
6990
22355
29338
2098
20693
23449
19061
22745
17264
27101
19991
31389
28765
18521
21277
32598
18191
13542
24011
1931
27120
32002
18806
30159
5012
2564
20201
338
14783
26798
15785
6671
28421
23166
23878
7752
29792
11821
32489
20416
18147
17310
30641
21925
18941
9356
1930
13288
25269
20371
14294
25193
10438
29409
11948
1458
614
12933
1378
8526
5489
18265
22118
7257
5488
6922
20044
21290
5981
18787
27635
11835
26212
2583
7907
29569
17557
18791
15775
25978
6029
7897
8472
16354
26909
14867
2287
8212
31026
13147
434
9317
18074
26306
21985
29413
26288
1299
1553
21081
5295
22864
9456
54
21471
2212
31362
19156
17770
15755
1585
7956
10777
15725
1526
5985
6128
31901
18295
14455
31810
2605
8621
7997
31399
32261
15685
17641
14724
26128
31367
834
6494
32273
29457
17390
1077
31343
15618
26166
13758
19435
2182
27903
27046
19110
25990
16006
2024
4620
22131
24503
949
20171
9482
9655
23457
23205
5582
23525
3935
24162
9905
30489
12232
10641
27305
14907
30822
18163
20751
24230
19085
16254
4777
12129
20992
3453
2027
3362
28267
19574
19918
12524
29490
12177
21201
21160
32328
557
892
31378
23653
7336
30877
25776
24086
16568
21825
10121
29053
16365
17318
8795
4891
7846
12115
15697
1397
38
23146
24964
27571
2848
23962
21469
26668
17764
8447
12119
15711
28645
28258
16114
32413
9093
15734
12172
59
9542
3338
15491
30589
12622
11977
13314
28682
19145
30781
14396
23262
22540
10706
17274
16215
28642
9128
16696
320
14255
11967
16554
4867
31577
32034
4164
32209
4234
16162
25156
19214
14089
5377
9150
8143
3125
22760
25105
18718
24293
29270
8966
17768
11616
2703
27757
28797
25984
18513
18949
14178
1295
21292
6677
1713
6625
25667
2209
10487
31186
32623
7901
11379
25733
27777
3047
28624
1333
11098
18656
14240
28629
27273
15972
11547
16270
21539
15243
27596
8136
8232
24901
15589
23568
31646
11319
6482
3902
2031
7517
16822
30720
26516
1096
10862
3099
3181
30296
31641
29290
30524
6948
31387
1766
18099
429
6595
4502
4312
15503
25570
14766
13165
31101
24409
20430
9625
4581
30412
7976
25488
21968
6359
14814
12841
10776
1802
19917
14146
16981
10939
5165
28758
20748
5028
25686
6049
1851
21101
16264
30225
19353
12043
27313
14078
200
21004
25159
13747
21607
9860
13500
5403
18655
3358
18224
21560
19538
21410
18255
1565
6178
25338
31531
5665
29075
5484
5568
26077
1070
14191
1147
29851
15204
2750
13821
32684
15900
12088
31119
6327
31530
9403
17209
11359
8314
31033
18977
7396
2070
16447
32250
22487
2
22890
15853
19170
3704
30339
3952
1861
2102
7245
22304
31080
20646
4700
13514
6711
10176
27556
10414
11484
11807
484
15642
28755
5869
28699
31554
21346
25908
3164
16252
28087
11767
19328
21429
26011
2443
17731
15922
10003
10639
559
20936
10629
5606
21138
17640
6579
17757
31729
17521
14648
3182
15160
14604
22185
22386
11115
16033
20146
30582
2995
431
11496
30308
277
6858
21180
3428
8419
6962
20557
15769
9677
14085
8077
25055
21597
2296
23957
1122
28219
29023
21396
8451
30655
32297
12850
28838
5906
27175
6857
21619
10554
14406
27374
23489
13911
2328
27706
26583
8293
25918
14619
19581
17116
30171
25462
27662
28283
8521
28305
22991
21060
24587
8241
30335
30152
24067
15151
10404
15333
1072
9812
2892
1260
15973
32539
5383
11468
29648
25340
15163
10727
32153
7659
32707
26240
10922
23934
19900
21146
32194
18242
28884
31280
12438
10209
31930
7986
9518
7040
19157
13295
14282
16216
17936
20989
28985
25134
7235
7256
20873
4182
31936
12612
2529
13117
7295
10915
11338
24480
24303
3714
30985
13755
5957
9850
11601
19354
10183
16340
15581
21865
32579
32745
14664
31077
22990
26114
18952
4417
31359
9295
21110
169
22985
14896
20699
13224
27527
25859
3957
7390
3850
5008
8252
7729
8277
11790
28648
13048
13026
28416
388
17938
21001
30579
26803
30761
18711
7564
15065
415
17722
5848
24611
20352
20125
7389
27829
23763
16373
9614
2939
2681
23644
5775
17172
11287
25991
23357
21948
20040
31671
164
4831
24347
32719
8943
10633
1720
6498
11054
32542
29511
25361
6742
24139
7181
12564
1417
4668
16344
9750
10136
16912
8862
2630
11207
20065
6315
5584
17417
23381
14007
27434
15034
837
18976
394
12044
1075
8427
5803
12388
5695
8138
5451
29715
30922
10919
11126
8837
23258
31617
5638
1210
8896
23415
17771
9722
22777
29218
14931
25502
30218
13648
4622
24985
22223
5198
31960
14041
27113
14762
8894
20250
27327
25620
18422
20129
32221
22496
15971
27177
21014
32003
9934
29096
8341
27853
9946
24456
30770
16521
24886
16389
5955
21503
15895
10198
4413
6118
32271
8538
10647
8245
7494
5764
24557
4344
4084
28371
18476
32242
13388
8215
23149
4662
22188
9544
21309
18683
3185
31912
16937
7524
32232
25968
13454
4932
15203
15601
13943
19329
21248
18017
30101
5917
904
28660
26525
5131
13812
30287
12267
23615
2155
25888
2731
12729
23726
1505
11463
27676
14417
7307
20032
13095
5841
29540
19178
23881
4905
32337
26477
15184
29282
25663
32354
10268
11180
30223
14436
7261
312
11078
17009
8030
14843
19430
20240
16449
19536
23091
26500
29455
27813
19927
29308
10356
29120
3949
22565
11638
8460
9695
2582
4371
32292
6662
8591
11292
20713
23893
12040
24252
1066
19820
20652
13581
5611
18112
20913
25732
21414
15902
2833
9045
12448
19500
11636
22071
25804
12747
21120
19786
31522
14374
2533
9463
25282
31882
29991
15137
5294
322
22725
5203
28886
28024
16896
28701
19029
13802
10686
26075
27887
5675
25532
20782
12441
23685
30191
7957
7333
16805
18786
23722
15045
21070
18714
29613
12668
16421
31190
8688
25771
19561
13308
13140
3647
25565
2688
16150
2823
138
4268
22583
31728
15149
29162
21830
9642
20869
4494
30353
18526
1067
8630
2370
21635
26046
6764
2025
24616
9780
16076
30178
11813
14588
22789
25836
13348
2276
12762
13830
3652
29049
30081
19491
7421
30046
28640
2075
12311
3662
14487
21664
13001
14512
24640
25379
23916
757
31959
6313
3582
25619
20039
24129
30526
25423
11181
561
2078
29403
1672
13186
2434
29160
13815
31922
4027
19676
27541
9373
10527
32572
15021
21742
20123
15801
20611
11100
19532
8337
15824
32477
31883
24435
1941
11917
26047
23882
31472
16924
17777
17746
10941
838
30592
6335
5362
13176
17846
4093
3797
5938
21918
8508
16748
20656
10394
20524
18997
19913
25136
11013
21528
19735
6347
15514
15960
13261
23760
24097
29562
12706
19474
11334
16543
12195
15773
9485
4945
24096
2695
22306
3282
9836
16909
11407
4294
9499
24739
21028
10309
8484
4917
31656
18505
19116
23585
10645
6322
28191
18934
5323
305
23936
644
32102
1021
1268
5259
31813
22471
19104
27049
20158
7712
9350
8800
27037
13750
7644
32431
23343
28474
807
12582
7173
9797
27292
26942
27540
1614
15262
2849
3697
11878
5384
10808
26788
13883
9873
18923
17340
10207
20256
17681
14504
14714
16681
21148
4079
352
30079
12728
7551
31301
16210
27392
4263
6667
29061
10264
17806
19607
723
7367
17251
13013
14491
28965
22370
27854
11540
8145
19809
4616
32764
22169
13507
27121
14934
21042
22808
22215
18627
2856
11933
10560
10932
26087
28031
25467
12436
10625
13053
23734
1069
2585
27452
24589
9757
24275
24852
15411
2902
27166
8748
7733
283
7032
32758
25447
17221
3657
4561
11307
13881
29931
10677
25194
30207
31059
7412
12917
28410
24512
540
17904
7916
30462
5227
7974
6683
19258
14230
588
1530
22003
25979
5959
11415
27736
12072
15291
20090
7109
10751
30705
21350
9114
13303
17895
13621
27998
4693
23557
12901
15721
24060
9468
30327
27715
29464
28956
3248
30069
32021
27585
2118
19849
28670
10710
28885
30130
29501
17121
28078
17958
4113
24197
15356
8401
13204
19633
3484
25803
5468
5500
17931
6353
20667
20157
9426
2101
27593
7368
10186
22835
2140
16551
23028
8273
6077
30355
18593
22135
29157
7671
30495
2622
4367
10307
9944
28093
22014
29914
9758
27321
19934
8960
13211
28341
24541
10609
10301
16686
32398
5443
28240
11926
25266
8713
25005
14257
3335
1109
47
20544
6752
15739
32359
28893
7674
23703
5265
30222
20689
6086
22301
20131
12511
13171
25807
18086
7116
22281
13620
5880
24407
32087
3425
10197
7862
13704
21536
3809
7148
31252
31408
10381
15177
22921
14622
29266
22314
6023
29046
15562
4313
28217
5727
13902
16843
31361
9046
30891
740
6272
517
12510
25289
20372
1982
4363
6005
13874
14650
7296
18647
6141
25191
31370
12083
12398
19400
26251
12794
5623
19708
24823
29443
17117
12675
14946
4866
6744
20451
10994
8467
8018
2077
21204
5210
6138
4941
20986
595
25365
1689
14628
16115
14117
19420
1856
21551
27905
27865
29398
25344
5136
20519
8248
2586
24172
31928
15867
31327
7652
16300
6781
23036
14932
20672
27474
11980
2621
24431
14348
8124
9379
15373
26504
18401
3767
8705
4718
23865
6097
14468
9491
8499
7383
31118
21871
2283
25897
32204
25777
8634
25160
17618
20230
32676
30804
3699
19646
15578
9407
22739
31748
3097
1807
3065
30092
722
9265
12019
8892
10532
22224
6287
2747
1773
4901
12707
30074
14595
29055
501
6467
16865
23099
30318
17858
12528
21783
9215
32730
25216
10266
24085
31098
14906
7778
8488
25546
28918
26730
6737
6508
7718
8773
21936
30352
21034
32253
3346
31961
32627
32548
4139
16190
20480
13940
8414
23647
29216
10169
30545
1450
5434
26165
11907
8754
12496
11299
22544
73
2812
29353
14921
6565
30669
32212
6492
23134
18232
28923
25323
16095
22375
921
27860
2813
25144
2435
23184
26860
7009
21011
20407
3535
6637
8214
21755
19290
10120
6610
8296
24184
21156
12594
23960
29855
20639
12700
17717
6688
29542
2541
8192
20161
5257
30660
31047
13416
8891
7305
13561
17376
4018
4863
14524
6020
27546
18971
1101
2275
4497
25707
21662
31604
8306
14695
4597
26351
14972
31007
13715
3659
32141
1577
4774
31183
16484
21155
7005
10801
24845
31896
22938
27856
15341
24074
3143
15108
23776
7617
5557
13378
25297
8240
5595
20659
7439
4097
782
2669
17964
775
2850
18944
27508
4050
331
6803
10572
16993
26773
20505
8834
4569
28562
29921
25718
18016
16659
6229
25237
23589
9238
4176
7687
31550
23659
18347
17
20116
22837
14405
14827
17767
27355
30513
14865
27615
14757
25548
29846
29291
3711
18167
20264
23225
24778
21686
9539
12957
16832
4658
31998
26401
11347
2141
3600
6515
14203
30527
20107
13832
25568
26652
16910
4213
8187
24691
9210
31468
11364
934
24657
29359
30458
21375
24294
30141
13583
4428
26911
20439
24887
20283
23602
3349
23620
19876
12355
25432
28879
24053
30929
22663
25329
22463
19237
4530
22842
30920
6860
1951
24001
14712
477
12549
9712
13112
11707
25552
27304
1963
17484
13238
20995
23595
20086
17791
13849
25819
4559
28277
16493
7031
15736
3148
22203
4699
4008
17512
10400
12694
56
2725
17939
2713
965
20109
21131
26750
15507
19322
22151
17031
31163
14960
32145
15329
25482
6069
16620
24208
17955
19228
29146
459
12279
8714
29883
26078
27391
21870
2510
6127
21154
31152
6548
7184
3557
8926
9400
30599
26105
16941
2763
28435
3382
31726
30607
11344
23969
4963
11179
12825
23616
11211
11734
28894
15037
6384
19534
587
15076
12829
18677
5849
7705
32007
27616
32600
23571
6887
20494
18851
2044
10520
22784
22655
4493
20533
25970
17935
18284
3363
1093
5371
21433
31947
26339
29759
19692
21908
22590
17774
26327
10206
8535
7590
12052
23085
9066
28168
18780
15174
31116
25503
21476
24583
11128
9608
25011
29059
18857
18665
6339
21076
13433
748
5276
5481
10908
14499
10331
18990
9347
9782
8699
7225
31719
21906
22323
16122
28877
27428
10316
23224
25085
2487
8149
30825
27193
21049
23387
20545
1435
6813
10453
4386
28496
24499
15668
27237
23712
30646
29587
29010
23046
6213
23015
12176
28630
30833
6861
31266
22805
18188
14303
26470
8511
28441
21828
11722
21654
6852
30067
1774
12891
813
18194
461
12765
9923
8365
17197
286
31450
3964
6868
31265
27134
30406
27203
30083
18702
30779
14549
13070
18489
26036
4797
26082
23973
25334
3240
9300
6649
21051
12369
964
19398
19252
23689
4083
9766
24104
25221
15280
31508
9002
25429
30719
32565
26881
18830
31750
30005
28954
15236
1195
18421
6661
10106
11747
8510
14998
16070
572
17848
14592
1667
25669
11596
19391
25215
27623
15081
20388
479
30942
3587
13978
16752
7440
14327
14171
31891
1966
10053
21047
3823
20501
7779
26610
2018
13482
16702
2338
21683
12281
20842
19387
16345
12276
23821
5541
5814
16743
27732
3198
9055
10772
24479
19040
12382
6165
9077
6586
8798
15686
10371
27077
26393
23858
6038
11531
880
2726
10693
29263
6767
647
14280
25238
11488
15551
29713
24721
25473
9440
8391
8367
26578
6346
8683
10691
30673
9606
19003
12880
6245
26710
6756
25925
19828
13986
24918
3126
12686
6584
11592
23074
32358
11473
15582
13312
11561
26796
14620
5908
18117
29841
16632
26681
14357
21910
22850
10126
28532
27681
8879
13716
2718
14337
26945
11387
25863
17460
13518
29200
8390
26143
21207
733
19180
31302
26069
20449
16065
27030
25894
5884
2523
1873
8438
16057
29325
2095
30012
11213
26575
22823
18640
10912
1157
19084
3782
2778
22853
3899
3622
25007
7720
2993
16811
11689
25309
12013
28522
9198
17775
27504
17101
26056
12820
23594
23030
8308
8586
3978
25842
27893
29442
11523
16271
18932
6554
11403
13405
11912
2897
21130
26065
11288
26660
6602
23593
13577
30885
30692
7475
24922
25966
1207
15632
3865
14856
6168
29148
25459
24828
32080
28564
2351
27484
18107
14993
23937
27657
23354
12084
16709
15367
16035
29879
32356
27874
17723
26406
32048
4516
12990
19834
30427
29420
7369
7963
24549
13947
22344
30944
29453
26324
9991
3211
16281
14799
5750
20058
28182
26072
12839
18727
30367
30677
24915
5223
18355
13990
17405
28505
3410
17581
30330
24448
11699
14842
14449
31574
16183
14232
1368
5555
10355
1563
8603
3873
25377
29485
18110
20383
905
18071
5920
17690
22106
9024
1043
28345
7253
19461
20441
5732
27805
9275
6224
28390
28957
31584
18196
6404
11167
12653
18133
6358
30405
20704
32189
11406
2831
19740
21233
28527
6703
15028
19399
25795
12226
10799
16606
25180
9968
4341
21208
22478
18875
3961
20963
23846
23431
30934
11455
21044
12741
8787
1619
20232
5567
20771
9193
7111
2969
14544
22
11956
506
29424
4961
5847
18843
28080
30863
5856
4111
13644
11172
3361
10351
17303
22884
23902
20412
21098
32506
21937
3529
31860
18571
17709
28933
31478
7703
12681
1622
17698
24151
24538
18978
31816
6794
19090
24379
9069
16133
10151
8111
13629
9669
10608
23772
31125
7263
18542
20637
12140
20767
3728
6081
31057
22570
49
3286
8552
6687
6881
27992
30575
5543
693
11477
16712
22376
14028
7876
21026
15657
29751
17963
14087
19243
28344
18134
3612
16792
25255
1697
6187
29269
25072
22919
7550
17607
25206
29334
15330
4966
20818
28180
26729
19212
9197
30170
3479
29766
29492
23017
29440
5232
30731
9577
17652
7891
23530
26360
16155
24765
31721
28574
30374
27369
22183
4236
10099
8493
5150
14878
21459
10872
3498
11290
14035
8570
14876
32418
15564
18251
24653
5498
23
29303
28300
11941
1921
20196
19233
13299
1116
4940
18433
2110
17893
25327
6660
3302
28644
11589
19982
31557
12059
5359
26117
3828
26689
9726
9574
11597
32551
30042
28364
1608
29313
27257
11028
5231
10443
17567
18391
21958
25526
19867
9975
6027
1863
3412
22748
31479
4260
14736
29405
10757
30894
21468
4962
28919
27739
30483
21444
22308
14326
26717
25474
32309
13867
12492
26958
22213
1252
29920
26563
12316
12322
20091
15777
24910
29658
4271
5422
21738
10851
18580
29969
26841
13945
21666
24992
21317
30914
27384
7936
2781
30619
2007
23917
27832
16304
9342
17337
18676
22569
31571
15577
31140
29471
6988
14426
15604
2876
28717
28299
28638
25783
10631
11106
21866
27723
11824
27234
6518
27115
1386
23173
14815
17551
12482
612
17430
18630
28876
5167
24215
3291
6151
14663
16173
439
23414
28446
10921
18672
7697
26302
21052
13575
9616
20587
17635
2323
5551
27271
27701
27939
20823
2617
26111
27711
9158
14103
28154
29564
11881
32120
10804
24003
23123
27071
12449
21072
20455
14116
27669
9370
22326
22955
12446
18747
15796
32672
8938
5832
2840
11487
16409
32426
29797
28764
12270
23211
26009
13839
30938
15395
5815
864
438
20175
29539
26827
11386
7529
24468
16221
15767
30941
9808
2120
2918
21991
19973
9534
19848
17592
24876
20279
7830
30951
3012
31962
20816
30553
22345
20062
16487
27235
32694
11631
8581
13811
21873
30959
30167
4969
2310
23456
26971
10612
13773
1671
24565
10758
23860
4665
16242
17798
30651
20414
25012
25563
19397
10857
25350
13443
9025
28119
18516
19983
19639
35
5527
2187
22649
10587
14053
1831
8289
4442
12143
31970
28000
24979
866
29804
26845
5135
7000
17298
18068
26794
26247
20543
31257
21708
7026
20159
19278
27699
14009
24551
6282
9931
5503
30504
6732
2420
31228
3071
7631
30917
16101
3819
341
26004
7571
16850
16656
19798
24757
15221
29771
6009
2575
3673
22346
14795
25879
25111
11298
22414
4752
14916
13248
32371
23061
12396
23654
19305
26043
24618
22110
15915
30392
20395
1768
28218
8208
23410
29191
9083
15225
2723
9535
8952
10491
3370
22871
23235
9752
4345
30377
3644
1041
8979
15547
25381
20336
6821
29546
9698
22036
13532
18552
8887
9480
2909
28470
15737
4037
1702
19976
30361
28011
4303
17097
32093
11594
19193
17463
11920
27761
18455
3991
6663
29088
1095
1642
10020
6627
25078
14763
60
14951
15744
19929
1166
8561
29719
24758
16426
12351
10720
29301
20811
19965
889
16009
25685
5497
14309
5837
12411
25963
4385
32033
10435
20195
7609
31876
4466
17707
32549
2998
18616
29642
18269
3129
31576
16275
7692
8532
6872
17892
22755
4784
16220
21456
3323
27671
9303
23179
15365
26760
6304
26669
18055
20853
7273
8005
14008
28351
28725
5271
13516
1338
31227
15882
19866
929
2963
11545
13862
335
7172
32324
7770
5065
22155
23303
31864
16649
31553
29675
14183
14902
2289
6779
8989
28199
18469
2826
2348
19972
18101
14371
32200
6588
3878
25414
22848
12791
718
7807
827
17997
7993
3133
833
13237
13004
20834
31358
17576
28055
27331
22791
13266
28130
28366
29537
20880
18379
31322
31510
6362
25627
18273
30305
10004
17235
32104
23432
6227
28949
16113
23407
10222
13869
25642
29746
18833
32451
11822
4697
24141
25128
4515
15230
6326
9636
12871
20105
24049
17180
22950
860
16363
6169
30001
16243
17598
11931
6761
26919
1467
21190
10042
19855
19556
9687
21844
6734
31806
582
21172
19758
17228
11264
23976
24211
20124
18644
419
9570
9693
13366
32132
28333
18069
12149
13201
20854
6094
18590
16087
17823
11898
28035
26398
31170
12862
23328
22387
22573
10676
16127
11010
24581
6212
25187
25102
4641
28433
15861
2384
6192
25328
28818
15117
3398
23244
13576
20314
28927
14130
11366
22992
22547
24705
903
20281
20679
21856
26733
4475
23946
291
9910
30236
13504
24874
14046
10522
11219
15631
3093
27139
13740
18407
8360
21930
27464
22077
3072
4480
11417
14513
7093
15987
3531
26683
29167
29309
7624
17206
4720
1508
26894
9262
11617
26819
23965
17979
16974
9748
17293
29811
10879
16407
25161
29750
20979
9108
8692
901
19968
24152
17343
17657
16124
21652
21586
19843
32040
18491
15468
30029
2367
21717
21059
5657
16419
9107
9246
26237
17040
22362
24224
11228
27249
3463
28850
2123
2357
9168
23471
11763
22193
5700
8402
3011
9266
16607
27708
31263
4612
14380
9563
5042
39
28977
3879
21857
7378
18649
2978
17625
20978
30256
6550
22552
29051
30634
10297
10041
20772
11088
28403
908
31025
541
5563
13376
19587
26083
15227
13774
30927
30477
3202
10698
20076
27330
14335
26303
24457
19645
2649
10459
29805
21655
22182
13757
26964
21245
15452
1754
2927
10483
21878
13188
29491
26446
28538
28593
4678
14474
29863
26813
13220
15401
2783
7629
5178
11074
1678
20971
19094
7808
24812
22052
30163
29555
5248
5052
7753
6032
19883
11909
11091
21046
2694
19037
16754
9623
5487
18373
26392
12425
5760
21437
11146
10819
15787
2584
20482
3514
17033
11500
6974
12293
23021
19755
25477
18282
334
21398
4352
6198
7458
18342
14450
29943
11979
30549
14697
5274
10168
1729
2380
1826
16358
19899
4850
25768
10218
30229
27758
11464
28600
4189
17548
9337
1078
11560
15826
14296
32647
11532
30275
22089
18914
22048
30416
6386
26793
20252
29482
14395
28424
11154
19298
243
13829
15364
11553
2412
31441
5186
15809
25539
15983
27588
361
9857
2131
9725
8271
20608
20923
4024
161
22965
1468
27598
22299
3532
29630
22925
22305
22578
6188
13477
14366
22568
2549
29626
6879
13123
20243
31566
30025
16710
15154
20662
28545
6685
29727
23845
24543
8868
16662
11265
5615
8137
29523
4551
21527
27512
25400
13696
30851
3735
18674
5707
8814
9519
23649
6551
5633
30622
6416
27089
2191
3007
27808
12444
32511
6723
24759
26459
25605
471
3987
23603
2097
22229
10860
8972
10289
2563
6412
11943
32216
18115
29355
8746
11241
26747
50
32311
27738
590
5262
16869
11337
31188
32575
10319
14040
3326
26751
6979
30306
10140
26007
10843
17634
19463
26679
22152
15528
26233
31413
24949
25179
14567
2883
20178
32541
11847
3548
24659
11261
31683
16465
12918
19018
22418
2113
11139
958
25001
3142
2646
20329
26734
6945
5687
10649
31734
20483
24675
3357
18962
11754
5996
11320
2184
14189
25460
26797
25288
9747
18538
24550
5998
29561
6450
20619
15270
26318
874
28060
8638
23503
16798
11806
3617
24190
11551
19282
12442
32078
11518
31290
25743
15012
18398
17582
30190
8642
17329
13060
26711
30312
23116
31690
2431
15553
13578
24687
20239
14392
12621
16372
7821
25027
16145
9863
21872
28855
1269
11851
23753
31676
25042
24626
9949
21096
1866
29922
18096
20916
32464
21594
4776
2579
22114
20303
12392
14638
11165
15164
7491
31688
16794
9427
2729
30996
8893
2298
9927
11585
21684
22244
28015
17656
4227
285
11710
22049
30131
6846
30348
16319
22012
26295
32615
17699
13114
7937
28376
6488
28459
22562
10276
27826
3054
18613
24410
7978
21612
10476
412
15733
2116
30071
10987
3566
22403
4067
9372
16299
20998
24801
24827
8032
4065
32301
28510
191
4661
28599
14705
11698
13329
12604
7124
7625
27056
21501
12973
26728
1795
3130
14381
9596
24136
29990
25209
25518
23338
32479
25443
26912
6018
319
2635
28046
1471
11844
29817
4604
6847
1916
27492
17348
26384
3542
26037
96
17808
18762
1529
21048
30902
21420
20073
5770
17291
15620
26091
26126
8399
20813
16695
29866
6318
22971
2331
30940
19436
17969
8742
31256
32134
4257
18442
8211
27613
24771
15735
26776
2346
4750
2727
5185
23475
5774
30656
12834
9327
13279
12919
20512
2626
17462
9653
13085
12828
1381
2280
31667
2822
18148
13049
14364
4927
11814
21677
18132
15419
17638
21765
18486
32118
14345
17623
23093
42
7880
2407
20050
10413
14330
8676
998
2320
27535
11720
31137
29627
2440
2416
19627
30689
31534
7047
24406
10119
19847
29570
16012
22447
18931
29900
32582
8702
29774
9755
13736
31376
22488
14451
20000
14967
16417
28064
6774
32188
17716
99
20955
30376
538
21542
11087
22867
18907
20663
6715
20003
29820
24420
31410
32168
7944
3184
28337
27822
22509
11325
23570
16637
22513
9357
31875
9389
8120
24439
456
21445
22074
14917
9050
32348
24978
2925
25258
21890
28288
22369
24816
4690
5086
3024
13612
12468
5556
25751
12340
20160
12390
20292
29741
20363
22602
26154
6073
24817
21474
31159
3308
793
5984
9110
23428
14071
4124
12245
7641
10038
10251
12374
19647
1799
17473
14246
2746
2094
11188
2861
12500
25949
16951
15222
25281
11388
26214
12682
5965
8275
24662
9658
16693
30722
17611
24743
28010
6864
31103
17150
10056
9159
12075
21388
30508
29429
21483
7447
7030
32355
24604
20410
20582
1918
9036
9217
28405
15052
21854
16088
31888
9185
24495
23928
15666
9296
5250
653
4474
22886
2004
2159
1237
976
28418
2333
6255
3518
24880
21744
20070
5104
1668
20186
28235
17673
1612
1022
20643
26337
20320
2654
4197
23550
6171
19065
27387
30438
5240
26081
10954
15891
30177
29289
26150
3936
1298
5067
3171
6084
19455
7332
11400
15792
1964
25635
4269
12719
21882
21276
16511
28113
18124
7767
18667
27521
3152
599
25124
30402
25909
28262
13720
4305
19021
26096
13550
13236
24332
24522
1742
2234
1532
8519
12569
446
9899
28097
18332
31402
30160
1245
24044
18922
14101
8582
8023
14829
20269
536
24068
17960
19509
3651
11741
7460
25382
28826
10565
7654
3499
241
3827
11457
26197
16790
13180
29810
26762
14386
18348
1282
27935
6590
5599
10352
29968
7714
15064
1151
19002
20993
14067
15798
18772
17590
15885
32004
32249
32729
5409
25409
29418
10760
12266
14727
25110
21731
16639
31700
7570
29577
10357
31515
20677
21247
15079
8620
22828
6442
25263
13181
27268
13686
23358
433
4660
12155
25122
1511
5596
10460
18734
13942
13653
4162
13771
11120
15413
1911
9984
10445
1307
3588
4349
2405
19681
10822
20671
16072
14331
2924
18436
21898
31528
31595
12342
20980
21606
746
24116
8522
20649
25326
30437
22751
32632
21409
3087
30326
9435
5843
14249
26202
1627
17164
13393
11374
14074
3636
3770
5694
20829
9259
29619
28663
12930
7433
32367
4348
10245
17793
20888
15144
8810
22654
11174
26421
5607
9312
11574
10791
4205
7166
32017
20915
8878
24526
551
4125
16557
21295
15694
20096
26348
11815
2449
5653
6067
30525
8543
9957
12290
5963
10881
25306
24361
21757
7240
27986
23657
9141
20604
21817
12695
28203
20242
1382
31073
17124
12752
19168
13735
23838
21062
1880
25838
26230
8430
19080
16425
20394
15138
11020
9770
2092
3139
16657
6332
27591
14938
29944
16957
2129
11084
1000
4575
19271
13585
13789
14447
9098
17586
18684
5961
16142
31160
12931
25630
26677
6571
29386
27352
21665
19673
293
30151
16100
8146
31275
7649
8622
27009
11134
28953
13765
16052
13865
15689
16007
3101
28742
5310
19823
9786
8816
14014
2464
17782
11303
106
20892
6145
20027
17216
30716
1488
22448
5441
2175
28166
6520
15648
13857
23904
13899
28484
10786
30041
30342
16760
16195
1392
8681
13932
22092
19683
23341
15377
4178
8246
13890
8159
10488
5379
11934
8953
18903
13089
24710
21436
8797
11869
19753
19199
24315
17279
7194
5235
16636
11858
2665
1407
14685
29910
10719
20051
27306
17740
9874
26914
4010
12692
10948
1054
3698
640
3287
16159
9067
30414
7048
17802
26189
28381
25845
24194
31948
26059
28970
1576
17232
23246
14869
10933
26782
18254
23427
26884
2385
6250
31695
15747
6891
10390
9631
13654
18152
14194
31572
873
27949
6935
24925
21246
26238
18058
7086
11667
12389
31010
31552
12309
12158
10552
7959
30370
17620
14216
27229
1120
11266
27788
14777
27266
20398
26539
17118
12214
15525
3447
22325
28377
4873
22483
22859
19138
25520
16021
17060
8172
32052
7934
32045
1709
29176
31972
2341
25346
12799
15605
16635
13510
835
24035
28840
8073
30896
30212
26349
6963
25677
9842
23069
6524
12845
29152
10979
5942
19738
14341
6638
30682
19030
12372
21337
19957
12552
1771
17313
24402
12273
18286
18333
27881
6717
8579
2160
27119
140
3419
13658
21311
20056
15716
29479
7512
32711
11046
4086
20459
6994
21495
25452
19318
14325
26643
21383
9788
10401
24914
10574
9761
28805
10328
19789
23906
30139
17047
2875
4307
23026
18322
24487
185
32001
22363
8830
26054
32103
7203
25940
12288
6101
4149
16683
8955
5791
19177
12574
9014
1290
19583
21737
12356
12394
26509
17627
13244
26090
32496
4904
10069
21066
24261
29803
25123
11565
28396
23290
16415
17577
24848
31738
20560
17345
14596
30935
8031
24851
16755
3472
2161
17748
25739
10737
17037
2177
19844
21680
29579
19053
24400
14721
31246
18621
12123
14754
6674
24725
8058
21823
3890
3655
3623
19291
28513
13841
11579
7294
27942
2504
2627
4416
19874
26461
23580
10471
10408
12049
31464
12787
4275
11725
734
13634
11242
3945
14054
20166
20901
8598
8730
25719
15063
6021
2201
27954
31538
8478
31238
8184
10770
11811
14398
7859
17910
17790
24308
1144
17257
19338
10742
6454
7966
30945
13780
14898
28068
31517
24314
17273
17991
5593
15875
17600
30219
22149
12967
19327
21938
25709
21625
17477
17604
8080
22144
1829
12939
32586
22378
21091
23581
30354
10943
497
28632
8302
17025
6328
6385
10010
18901
18689
28195
6153
1052
15956
13276
8042
29907
17102
27367
1648
900
3180
19239
5070
14273
27875
23270
28026
27643
14508
1662
27348
28332
3783
12543
29295
26312
3312
18766
5652
2278
17373
14465
9900
27801
19314
19573
24163
21747
1481
18536
2327
32569
25957
10662
4872
9507
29180
31976
30978
31419
5251
30976
18939
24545
14108
3154
19181
10139
3716
20381
9409
11832
24791
3821
22894
14349
27768
32336
7082
27241
27511
15197
16209
9084
15928
32009
6573
26737
24120
23901
27247
13548
13127
9952
15141
25917
3833
30061
17420
2920
21628
26608
17354
15517
27725
14390
22005
23145
16238
31251
8694
30126
28363
6237
29336
28853
26424
1516
25465
30986
18368
26781
19405
8852
6341
9532
767
12816
15884
24442
3907
23796
22399
26935
19501
2706
27807
26187
15852
14985
15661
29816
31635
20988
29573
10444
25279
28994
29589
31286
14320
23198
11506
23815
7165
9003
2474
32510
12242
11332
26094
23265
18785
15436
28830
16102
23444
13246
21470
5656
21064
5386
9982
8336
4445
1992
7297
6918
12910
3474
10416
14439
29179
4403
19456
25256
8997
16001
1907
5124
12642
1154
27688
10774
2524
19558
31906
16761
32667
680
23924
18072
13071
9621
978
27359
1758
31770
19113
30310
20584
10569
19245
11352
3843
1136
31758
13485
18732
18784
10816
16784
30743
14769
19191
10273
14623
19275
7428
27217
26991
27574
2033
9276
11730
21203
9062
3649
18913
11323
14275
2748
23147
3318
18111
17051
15123
5745
22741
1929
23868
11520
20080
9273
20423
2476
10417
2355
17001
29745
11577
28202
25050
4724
4119
4487
25629
21978
14742
1453
12259
10291
22174
20666
20548
7110
27399
27377
27742
15066
17370
27589
32691
20776
5416
23011
29488
25528
17409
24144
8829
13964
9745
11291
21791
15832
22733
16872
13342
23126
18131
11603
17294
30264
18664
3383
11749
13370
21596
17138
7239
28071
158
2350
3805
13434
17682
24234
181
6992
8637
17002
24688
29287
5929
3379
18023
22343
25188
26705
29015
27582
27254
2531
19567
23894
17389
7027
11630
17414
8015
18340
9428
6762
25606
25491
4639
15185
26347
26699
19038
29757
30860
20300
9139
26744
13179
3525
14289
20037
16083
15378
12481
19121
21196
22319
32537
17088
8193
21917
20530
22740
18850
9612
938
5268
20263
4012
5328
11004
19105
3176
20316
28246
6100
25955
8741
26304
15049
4145
20562
527
30594
16405
20133
21479
24112
7682
2535
13336
23578
26527
23767
10709
13721
4103
17854
23299
10154
19774
26391
12866
7503
29292
31861
7595
10696
1862
31429
20246
10148
14248
11268
27319
22398
10127
1757
608
27587
19297
10773
31
8440
1060
20664
26145
23588
3388
7326
21962
30843
22839
586
29739
10882
11883
4096
30084
28573
25876
28254
5795
3544
21446
4433
15072
14922
7527
20700
13041
17335
30301
18410
32566
23596
26795
5433
9436
21441
5275
2882
2041
25073
7665
28107
2843
17862
29286
5651
9065
28104
21639
8152
2469
18862
29662
16544
14363
17336
727
22178
15379
5303
13077
21900
21032
6665
31797
21263
2466
31925
18708
29652
24511
1124
19019
13733
6011
14481
32041
20167
30184
26464
2481
14531
15084
20996
28839
30517
31709
4979
366
31801
21716
27263
7096
17659
24596
21021
23282
26837
22112
20527
14928
2226
31979
5459
3294
1545
21776
27286
19362
1877
11427
5302
28920
14388
11773
26174
17718
7343
6249
17687
29074
5550
24514
17658
22251
30844
30988
17729
15842
28407
5514
2868
24917
31075
11750
6125
13717
4970
18514
26835
6825
25594
32726
2490
20918
32475
3090
31400
12199
2942
2659
9402
11433
26346
27112
11663
31092
19210
26088
6172
9222
22501
24033
12291
27471
27075
19726
30759
27500
28027
18060
2890
17453
24414
27312
26299
14987
16759
13840
16698
5904
574
17042
25648
31100
19546
25490
18633
26134
30588
952
3081
414
19394
20685
9784
2950
12639
27448
9565
17528
24133
27827
10844
11535
14458
18646
21678
12927
2933
8186
17739
1212
4707
9884
12857
15320
16721
28291
999
14338
7505
3374
12325
10704
26986
16015
24469
31843
6474
20436
19023
3111
4245
29404
21762
8450
20295
18554
25714
7490
8790
17281
20987
1806
18297
13119
24062
10046
29689
22024
20396
28997
28952
21305
29946
13012
21405
26259
6381
1699
13935
18844
20013
2712
31516
27698
15301
16987
23130
11271
21301
3448
503
25231
20156
11658
11385
30297
16938
7691
28249
10995
21891
14821
4347
9598
9319
30703
26010
22274
14853
30712
8984
25860
22140
10392
23076
21842
4026
27096
18414
28370
902
28271
1203
21097
32233
2417
6382
18822
30888
22498
17573
12888
7820
1782
8154
4918
8631
6647
2006
15410
95
7646
13746
7094
16947
31950
23482
2239
5283
10767
21174
8562
20162
21467
7814
11598
32394
29775
28680
27750
14484
6366
24416
21210
3682
6424
891
7533
6707
580
13399
3830
23940
974
4998
8991
16336
675
4523
16099
1446
20578
6776
25985
20470
6042
11924
12112
8669
18204
14711
31851
1605
32587
25706
5281
27731
313
16839
15968
23025
30560
21095
10228
19541
4108
29274
16646
4435
15159
15641
28213
22084
3293
14835
10372
522
10780
13851
20554
6791
25077
19112
25997
28730
9907
262
29446
13977
4204
16897
9204
14267
12341
2300
18573
30155
10480
8912
15926
18845
16191
23045
3364
19943
14215
9520
23461
9829
17711
3163
15738
19710
9964
6174
23451
29470
30818
7587
30032
14075
20838
21297
6631
11562
3743
25652
21133
24984
18302
23631
21119
31095
12714
25772
20481
31583
481
8827
625
9353
23961
915
7262
7792
10232
2837
5589
32704
14538
24870
23384
29726
12327
21421
2979
4040
9253
21563
12667
14120
24873
30266
2693
20571
16164
6301
18755
26271
31951
13921
120
32638
17396
13859
8785
20807
30425
17307
9838
21651
3795
2264
1169
32381
2593
10817
9820
7132
26159
30096
18082
9978
11895
29926
25018
15931
31613
28760
23826
378
1352
5526
21403
14001
28782
7341
17469
19135
15714
4895
6470
10630
9546
5978
18214
9793
29391
30786
29584
19122
10012
30109
847
16715
6675
16309
17996
30140
24770
1363
31798
13030
29438
9133
26807
26481
17608
7568
17365
7468
213
3998
3694
6079
5174
3261
28536
16835
3923
15129
17144
12916
5287
2578
20973
30793
7072
8291
4921
18709
27697
26925
4648
28872
2716
14262
11670
19871
23430
19095
24235
27704
5155
19295
30369
10287
1497
32444
23795
9822
8667
23638
18814
489
6129
30670
19341
32137
24405
8156
11221
19980
16008
20688
3901
19815
27485
8091
22608
5987
28233
32296
24069
492
10045
28992
11581
7001
31042
31615
8911
5255
28988
19659
6088
17860
22309
24014
13524
28461
10972
10847
10838
11358
22530
9201
7744
30267
23812
8652
28176
16034
13068
20193
18248
15709
441
26630
22931
6463
22580
31259
11838
10993
18057
18600
16025
22908
12060
2752
554
14854
9776
435
27114
14291
44
21884
9447
6831
3565
1716
31090
6926
3108
126
15362
30064
9254
27674
16846
19337
10049
7437
1469
32421
1909
27584
27233
11508
4978
17499
10321
6041
25364
27929
8280
3745
31526
25064
4880
4583
18039
17726
1297
31954
24645
8204
20833
20982
29412
11970
23275
10194
24196
16780
17514
7450
32669
30169
20575
26972
19052
29207
28085
5943
9453
2252
3259
1631
13090
8013
22840
4579
7075
16089
1476
23853
16011
20217
17812
7823
10468
17912
1491
16567
23542
32088
7702
16460
30879
13344
9260
17170
7107
2361
21289
5007
14382
21914
31518
20251
6968
23959
25988
17207
31444
28326
29691
9826
30239
24325
21073
23539
14060
5909
22861
9595
11175
11340
2379
19510
20914
26292
25424
2721
5868
13729
15476
19638
24338
17111
12012
11440
11504
27583
27279
3354
5751
32146
31775
27790
32751
28928
14758
26388
26855
19175
5363
13148
15462
9894
26887
16349
12535
4856
16205
24840
1903
24363
18831
32325
5426
12124
32073
15768
13135
24892
5507
12397
13843
13269
3988
8268
7357
9467
22038
9813
22561
28181
12641
630
32509
18249
25291
25853
10870
5715
31890
28733
1224
22086
30562
7486
444
15132
3616
15511
3036
23172
5079
10220
8126
26410
299
30667
13817
6924
8133
24452
25200
6269
21847
7202
17966
871
14454
9720
16528
19304
16075
756
12812
29945
12997
29875
28438
28021
18222
9009
23697
28008
21608
8590
12562
4764
11539
16171
9522
347
1843
23108
4923
29190
6144
173
9697
1666
16932
25820
29001
19958
21251
24078
27670
912
29854
18032
16311
7408
29868
4437
29149
18236
20268
28172
32313
6889
16119
13277
6443
10161
25067
8802
9470
22277
6013
19590
7114
24331
15070
32037
12687
5077
5619
20348
29477
15287
31953
19330
18595
3599
21810
20784
2970
4157
13380
13019
25406
18703
100
16616
1597
14259
12385
10970
10968
17875
10349
6314
10184
7795
28194
23808
19924
30403
17458
8052
11345
22669
3028
30906
20933
2977
25220
5673
1130
7771
24381
25252
28604
1598
15950
17545
772
32450
9707
24953
23332
157
32741
21143
29072
30052
1531
178
12377
32556
460
21326
7826
22939
32115
20674
8518
31638
18303
22504
31793
14583
18226
826
27165
14143
19284
32210
25250
31230
17873
11600
20289
15713
2514
30971
9022
7597
24938
24841
5590
32278
19802
5110
2507
7864
9444
13139
18892
1669
6648
17239
6985
26873
3073
29629
1259
16125
3319
17372
4033
32501
23788
2329
32400
19870
25236
1180
940
12346
30467
13016
28077
16685
10330
31046
4009
22374
7316
11827
3165
8500
21705
24712
17962
15624
26095
29107
22895
13873
4666
399
26444
17143
9280
29330
15498
23950
13109
820
306
24251
23613
823
2616
30631
24998
3172
7643
32470
16350
9987
27350
19272
6432
2785
5439
3674
12515
28607
18775
324
7218
981
26775
22658
6815
6491
7647
24159
553
14496
25463
16071
17485
13649
16746
11777
17095
3395
16298
18366
6268
18383
32258
194
7982
14556
26944
16473
2673
25967
21763
10252
14350
23363
20022
20702
26321
32445
8857
30173
14913
19081
13449
20382
16200
14086
9481
7928
8529
7816
13034
1701
21439
9524
22559
13963
17391
14142
2701
18909
23909
30423
5394
1462
24602
2767
18493
8339
22531
21509
31354
29531
20717
30919
14929
16714
4479
29888
26856
22507
28318
27839
9054
16666
16902
28298
23889
30704
1103
14154
4942
9038
20134
10550
10205
23443
7519
21194
886
27439
18746
10278
13868
2539
23208
29752
29984
16169
9558
22196
18917
19539
15913
7992
1677
12964
25989
24944
5356
11884
2305
31542
31018
12864
7190
21885
25088
31237
7664
15396
16361
26927
24202
15912
26290
17305
29533
19111
28721
31766
11343
23564
1534
1952
21932
10762
8254
14245
23288
9648
19007
24531
11424
23662
3731
18874
11125
3938
16435
28709
30809
22191
3245
1309
19477
8792
8910
23617
29809
24863
10514
20691
1613
11289
5102
25204
28609
6930
2511
21402
4709
8924
22858
26618
29376
31640
15495
8843
1148
14177
5755
19458
7217
28408
20731
8287
1179
12968
31167
24199
19049
10796
11118
27549
28248
21103
22457
19667
15393
14219
9053
32020
5925
27783
29644
12587
822
9099
8281
27899
4333
18043
1145
22467
20836
498
15845
28515
85
22997
10305
18585
10586
18253
28302
6531
13065
18070
8618
22806
11136
11833
4148
8087
32678
8002
21548
30047
30193
32621
23124
22716
4251
3347
10957
25759
9442
3757
6053
24179
22873
16936
32423
13451
11792
24991
22095
23604
28984
26962
32673
5654
12696
19015
10306
32761
4681
14612
17530
9769
10265
15091
24485
27922
17133
13541
31383
3893
12224
7722
29503
8628
24257
25293
12699
3355
8789
679
17987
32019
4134
15127
23434
8721
3604
24853
10470
15651
29392
6733
11068
22093
24070
19901
9764
28231
30620
22804
31476
27619
20852
