2918
552
4618
3331
4413
2903
3943
1274
4830
2112
3557
4321
2649
2732
2347
4479
458
2567
3391
1751
3068
73
4374
2445
932
2862
420
1546
1186
3488
1587
1390
3259
2420
2377
3574
3099
2067
398
1246
2305
3633
2179
4336
1859
4955
1041
4870
1652
2693
2144
1532
3883
2313
4815
722
470
39
3700
2088
2446
3129
717
1339
2028
2150
4798
535
1661
2042
867
365
4834
2419
2273
768
1555
975
3112
4754
4334
2828
2451
3148
2474
225
4099
526
632
3555
3937
619
2188
2210
2307
2089
2233
2838
4713
2839
1292
384
1728
4177
309
4814
3880
1906
712
295
4348
2206
1214
3856
1158
2817
1090
1849
796
708
2433
2490
853
4301
1078
2672
4344
4564
610
982
1005
3881
3294
2324
590
900
3576
1391
4150
3064
427
4207
2538
1023
4763
2201
2021
4460
4012
33
3545
614
2158
2192
800
1022
2074
227
560
1171
3596
1705
1526
208
429
232
3977
4401
1802
4105
625
256
1198
2936
3199
1107
3457
1929
3313
4055
2258
1718
2023
3269
3709
2098
3604
4209
1458
3292
3183
4679
4492
2431
4174
3803
3186
3150
3307
475
3993
1459
4891
437
4993
825
1437
4961
629
3256
577
3352
4023
4641
820
2229
2323
772
3833
2546
4562
2118
273
4287
2570
2919
2455
388
2106
1885
827
2295
14
1411
4411
3275
2853
2178
3402
2944
1402
3203
2449
767
3401
2997
2223
4842
1706
2887
2344
4266
3530
1331
2963
3320
1454
4655
4136
1281
3089
4473
2921
4232
3799
2195
2161
2602
1367
2044
652
2565
4365
4875
2483
2141
702
343
428
2436
466
3531
4000
170
1315
3030
216
4723
3699
1877
3824
2294
780
1245
1797
3578
2172
91
2735
1541
3903
2006
1252
2414
553
874
1981
599
1955
1423
1151
2744
4935
3271
1007
4722
4127
1623
2664
1899
141
417
4486
4620
4007
4669
3826
1622
2844
2595
1207
1213
4522
1644
401
1689
3847
945
684
1752
3026
1778
4398
4082
2236
4267
828
4233
3622
3217
1948
2224
2519
2270
671
1729
2231
2811
2588
3190
4817
3021
851
3870
2675
3206
2960
744
527
2116
1033
1471
4431
2177
3792
1205
4095
661
668
3735
2889
4856
1512
2829
531
3921
873
763
2209
3876
505
1229
1785
2990
4760
2748
319
3387
2585
1259
3407
3558
1615
3577
921
4123
3739
971
2884
2069
1731
4468
2428
514
2447
4438
3003
1280
2628
3923
1893
2135
4546
3779
340
4385
3836
491
2046
1290
5000
2640
2866
3388
2059
3418
1686
1857
4457
1643
1854
2736
1009
2976
541
1295
4532
3772
4325
4952
2169
4901
3466
826
1383
106
1550
906
4119
2705
3788
1179
678
3846
3459
1945
4458
4626
2401
4176
1358
4721
86
777
1438
3373
4764
1302
742
124
4508
3879
1024
4558
4837
4861
153
3319
163
3507
1898
1853
1822
3541
1583
2415
1079
3738
1328
736
1342
4026
3730
4839
3913
2930
2690
1489
2907
740
4246
3035
960
2467
12
521
854
782
2122
1994
1904
1381
3136
2251
285
2661
1248
4375
2039
4352
4608
3957
484
1700
612
2269
1425
2286
4525
924
1725
1514
3059
2825
3694
1756
4681
1547
2230
3333
456
1565
3625
893
142
889
51
3452
698
3471
2350
4596
4518
3288
3628
1200
160
503
4560
3861
2300
4852
1278
606
3999
3486
2290
3305
1432
750
3406
3672
3198
1563
3258
334
4820
4107
3722
1285
1600
1314
1496
824
1211
2711
422
3823
4164
2727
4860
4645
191
222
1542
4407
1826
2352
1965
184
1106
3810
2624
1866
243
4985
765
4228
2227
4831
2794
3886
29
665
2056
478
3579
2810
3997
3976
4067
880
1332
177
278
115
4903
1394
444
1208
2954
2566
1470
1508
838
1272
4812
247
3293
4945
4689
1352
4907
1298
973
4509
1545
1856
2756
1043
1842
771
4696
4333
1089
3240
3277
3221
3616
2497
1511
888
1403
2124
13
869
2524
4768
4318
3778
947
1322
1963
509
4950
3938
3707
1201
2002
2303
4958
1611
2136
4093
660
373
2500
2430
2095
2634
4378
2336
3230
122
4006
524
3442
3289
3448
1382
400
4872
630
430
626
1949
1345
3920
114
4403
1597
192
3083
3751
2759
3774
3349
403
3617
2809
3247
3571
3611
49
725
726
3414
2246
4936
2
2819
2033
2216
3350
3126
1062
283
357
3379
459
3450
1491
4161
4692
2432
3071
1631
1445
77
4041
464
1620
1595
4813
2773
1495
3686
4778
3630
2339
604
1297
555
1670
3644
589
2310
3988
1724
1065
328
1594
4179
4785
3873
605
2079
4845
842
2620
946
4704
2775
4718
1515
1125
3042
4494
305
4991
3776
3342
3040
2342
221
2265
4744
4607
4658
4126
3170
4444
3904
4323
3210
659
4896
2080
2741
2198
4421
1456
279
1184
2185
4058
2212
2523
2603
2494
376
1950
2684
4035
588
2149
4283
4611
2758
4257
2243
2897
390
3827
571
4549
4077
1900
2060
1304
4491
1034
2978
4173
4586
1870
2578
2510
755
3061
1659
1073
1461
749
1046
1312
2189
1895
4979
4731
1174
3369
1922
1203
3462
3498
4379
1872
2014
387
3565
713
3060
2004
3620
190
2485
4738
3438
1500
672
317
1908
4750
4931
3839
1127
451
1169
4974
1735
3456
4051
215
197
2109
548
4956
3771
1828
3763
4647
1058
2476
3941
476
4959
2561
2873
4771
4755
3666
4113
3347
104
3754
1161
329
3088
3358
3300
3260
1640
2487
3747
2438
412
1968
3157
1006
3332
1329
1761
4855
2222
30
188
409
2318
2987
4854
54
1811
75
2692
356
4597
2548
392
2443
4447
4648
3207
80
2366
4382
342
4688
2927
1996
4642
2650
1110
4684
2654
876
1573
3966
4890
1235
4178
1029
2073
3268
2950
2375
4804
1823
1806
916
4517
4668
3265
2687
1983
3696
230
45
3113
1
