1
2
12
13
14
29
30
33
39
45
49
51
54
73
75
77
80
86
91
104
106
114
115
122
124
141
142
153
160
163
170
177
184
188
190
191
192
197
208
215
216
221
222
225
227
230
232
243
247
256
273
278
279
283
285
295
305
309
317
319
328
329
334
340
342
343
356
357
365
373
376
384
387
388
390
392
398
400
401
403
409
412
417
420
422
427
428
429
430
437
444
451
456
458
459
464
466
470
475
476
478
484
491
503
505
509
514
521
524
526
527
531
535
541
548
552
553
555
560
571
577
588
589
590
599
604
605
606
610
612
614
619
625
626
629
630
632
652
659
660
661
665
668
671
672
678
684
698
702
708
712
713
717
722
725
726
736
740
742
744
749
750
755
763
765
767
768
771
772
777
780
782
796
800
820
824
825
826
827
828
838
842
851
853
854
867
869
873
874
876
880
888
889
893
900
906
916
921
924
932
945
946
947
960
971
973
975
982
1005
1006
1007
1009
1022
1023
1024
1029
1033
1034
1041
1043
1046
1058
1062
1065
1073
1078
1079
1089
1090
1106
1107
1110
1125
1127
1151
1158
1161
1169
1171
1174
1179
1184
1186
1198
1200
1201
1203
1205
1207
1208
1211
1213
1214
1229
1235
1245
1246
1248
1252
1259
1272
1274
1278
1280
1281
1285
1290
1292
1295
1297
1298
1302
1304
1312
1314
1315
1322
1328
1329
1331
1332
1339
1342
1345
1352
1358
1367
1381
1382
1383
1390
1391
1394
1402
1403
1411
1423
1425
1432
1437
1438
1445
1454
1456
1458
1459
1461
1470
1471
1489
1491
1495
1496
1500
1508
1511
1512
1514
1515
1526
1532
1541
1542
1545
1546
1547
1550
1555
1563
1565
1573
1583
1587
1594
1595
1597
1600
1611
1615
1620
1622
1623
1631
1640
1643
1644
1652
1659
1661
1670
1686
1689
1700
1705
1706
1718
1724
1725
1728
1729
1731
1735
1751
1752
1756
1761
1778
1785
1797
1802
1806
1811
1822
1823
1826
1828
1842
1849
1853
1854
1856
1857
1859
1866
1870
1872
1877
1885
1893
1895
1898
1899
1900
1904
1906
1908
1922
1929
1945
1948
1949
1950
1955
1963
1965
1968
1981
1983
1994
1996
2002
2004
2006
2014
2021
2023
2028
2033
2039
2042
2044
2046
2056
2059
2060
2067
2069
2073
2074
2079
2080
2088
2089
2095
2098
2106
2109
2112
2116
2118
2122
2124
2135
2136
2141
2144
2149
2150
2158
2161
2169
2172
2177
2178
2179
2185
2188
2189
2192
2195
2198
2201
2206
2209
2210
2212
2216
2222
2223
2224
2227
2229
2230
2231
2233
2236
2243
2246
2251
2258
2265
2269
2270
2273
2286
2290
2294
2295
2300
2303
2305
2307
2310
2313
2318
2323
2324
2336
2339
2342
2344
2347
2350
2352
2366
2375
2377
2401
2414
2415
2419
2420
2428
2430
2431
2432
2433
2436
2438
2443
2445
2446
2447
2449
2451
2455
2467
2474
2476
2483
2485
2487
2490
2494
2497
2500
2510
2519
2523
2524
2538
2546
2548
2561
2565
2566
2567
2570
2578
2585
2588
2595
2602
2603
2620
2624
2628
2634
2640
2649
2650
2654
2661
2664
2672
2675
2684
2687
2690
2692
2693
2705
2711
2727
2732
2735
2736
2741
2744
2748
2756
2758
2759
2773
2775
2794
2809
2810
2811
2817
2819
2825
2828
2829
2838
2839
2844
2853
2862
2866
2873
2884
2887
2889
2897
2903
2907
2918
2919
2921
2927
2930
2936
2944
2950
2954
2960
2963
2976
2978
2987
2990
2997
3003
3021
3026
3030
3035
3040
3042
3059
3060
3061
3064
3068
3071
3083
3088
3089
3099
3112
3113
3126
3129
3136
3148
3150
3157
3170
3183
3186
3190
3198
3199
3203
3206
3207
3210
3217
3221
3230
3240
3247
3256
3258
3259
3260
3265
3268
3269
3271
3275
3277
3288
3289
3292
3293
3294
3300
3305
3307
3313
3319
3320
3331
3332
3333
3342
3347
3349
3350
3352
3358
3369
3373
3379
3387
3388
3391
3401
3402
3406
3407
3414
3418
3438
3442
3448
3450
3452
3456
3457
3459
3462
3466
3471
3486
3488
3498
3507
3530
3531
3541
3545
3555
3557
3558
3565
3571
3574
3576
3577
3578
3579
3596
3604
3611
3616
3617
3620
3622
3625
3628
3630
3633
3644
3666
3672
3686
3694
3696
3699
3700
3707
3709
3722
3730
3735
3738
3739
3747
3751
3754
3763
3771
3772
3774
3776
3778
3779
3788
3792
3799
3803
3810
3823
3824
3826
3827
3833
3836
3839
3846
3847
3856
3861
3870
3873
3876
3879
3880
3881
3883
3886
3903
3904
3913
3920
3921
3923
3937
3938
3941
3943
3957
3966
3976
3977
3988
3993
3997
3999
4000
4006
4007
4012
4023
4026
4035
4041
4051
4055
4058
4067
4077
4082
4093
4095
4099
4105
4107
4113
4119
4123
4126
4127
4136
4150
4161
4164
4173
4174
4176
4177
4178
4179
4207
4209
4228
4232
4233
4246
4257
4266
4267
4283
4287
4301
4318
4321
4323
4325
4333
4334
4336
4344
4348
4352
4365
4374
4375
4378
4379
4382
4385
4398
4401
4403
4407
4411
4413
4421
4431
4438
4444
4447
4457
4458
4460
4468
4473
4479
4486
4491
4492
4494
4508
4509
4517
4518
4522
4525
4532
4546
4549
4558
4560
4562
4564
4586
4596
4597
4607
4608
4611
4618
4620
4626
4641
4642
4645
4647
4648
4655
4658
4668
4669
4679
4681
4684
4688
4689
4692
4696
4704
4713
4718
4721
4722
4723
4731
4738
4744
4750
4754
4755
4760
4763
4764
4768
4771
4778
4785
4798
4804
4812
4813
4814
4815
4817
4820
4830
4831
4834
4837
4839
4842
4845
4852
4854
4855
4856
4860
4861
4870
4872
4875
4890
4891
4896
4901
4903
4907
4931
4935
4936
4945
4950
4952
4955
4956
4958
4959
4961
4974
4979
4985
4991
4993
5000
