2463
767
243
1413
2470
2167
1592
575
2319
2314
815
2490
668
652
164
747
1378
426
993
2094
2358
2147
1689
2267
1069
1796
2037
751
803
280
1654
455
1697
299
1962
427
398
728
27
1449
407
1723
214
267
2263
1159
1984
2046
1661
934
419
1205
316
603
498
1758
988
891
1352
105
720
1447
1932
1738
1964
527
246
242
629
1674
2324
2230
760
2238
491
1931
1187
1029
2450
137
2083
851
2042
1147
742
1538
912
576
1091
861
834
480
911
1292
473
776
449
324
1096
1484
1720
1783
206
323
657
772
1977
1274
35
801
319
1133
2339
147
1739
422
745
357
1257
2363
1754
1701
1222
948
156
528
1714
1704
1819
48
254
1912
2225
2079
216
1182
1416
906
744
590
2378
174
2175
2197
2298
478
509
2481
547
1728
2427
2226
471
11
1647
626
2121
1750
1972
832
620
1794
2171
768
452
1321
1566
1335
166
92
929
1780
1240
1927
408
864
249
1032
828
1576
425
1757
1848
1457
1088
58
733
1356
2359
2351
349
1000
1332
2289
2442
656
1336
183
2309
1003
1108
2244
1472
410
1707
1823
1990
1935
635
247
543
2261
1911
1348
2122
1016
1115
1364
1439
165
1591
908
2460
1436
719
394
2343
2103
2408
1141
2220
2047
2196
810
1214
1811
2091
404
1302
1774
1089
642
1777
1132
2480
1834
2273
1609
682
134
1812
1403
1210
2210
1303
1309
1768
17
689
31
1619
915
1289
2231
2087
2030
2114
138
2473
1608
1225
554
390
1976
1131
1639
2299
1759
15
256
122
2168
28
1288
1908
386
2205
332
2436
2137
1140
2150
223
1444
1778
548
746
2224
62
2447
23
1833
1104
97
817
2367
1660
90
2328
964
2306
1929
1492
1111
1397
1580
770
850
2260
1907
2070
1135
1725
589
39
1731
1665
1129
1470
232
339
2283
1164
739
1370
646
1895
114
496
2100
2089
1170
1171
1989
221
777
1007
1248
1852
1699
1836
939
281
69
2347
2334
1363
1941
418
171
789
126
2392
2008
2483
557
220
1781
1516
2116
1520
1805
2466
1462
178
690
2474
1959
1065
1673
1243
1766
650
1633
944
245
1937
1991
191
1513
2177
1033
52
2369
1872
2388
2138
1981
194
2307
1166
359
1420
56
520
463
1353
2292
1244
1358
1536
1345
563
2022
1924
2127
68
89
2211
1863
761
1784
313
1809
2431
649
2219
82
103
1713
1954
2060
1113
2218
1010
788
979
950
1387
806
1130
434
558
1325
1885
360
1435
2148
2268
1666
1017
1687
213
8
2044
201
1330
226
1889
329
1826
362
645
1275
1903
715
1138
2193
2253
1936
1233
2151
1374
1888
1862
773
1090
1596
1418
74
1771
766
283
1534
1262
1622
671
1999
2036
1116
1866
876
2379
924
2340
1215
1585
476
2285
307
