2
4
6
7
17
21
22
23
31
33
35
38
39
40
42
44
47
49
50
54
56
59
60
61
64
69
73
80
85
91
95
96
99
100
105
106
113
118
120
126
138
140
149
153
157
158
159
161
164
168
169
173
174
178
181
185
191
194
200
202
203
207
213
224
233
236
237
241
243
250
251
262
270
271
272
276
277
283
285
286
289
291
292
293
294
299
305
306
308
310
312
313
319
320
322
323
324
326
330
331
333
334
335
338
341
347
352
361
365
366
370
378
388
394
399
405
412
414
415
416
419
423
429
430
431
433
434
435
438
439
441
444
446
449
451
452
456
459
460
461
464
468
471
477
479
481
484
489
492
495
497
498
501
502
503
504
506
517
522
527
532
536
538
540
541
551
553
554
557
559
561
563
565
567
572
574
580
582
586
587
588
589
590
593
595
599
608
612
614
624
625
628
630
631
632
633
640
644
647
653
656
657
675
679
680
686
693
713
718
722
723
727
728
729
730
733
734
740
741
742
743
746
748
756
757
764
767
768
769
771
772
775
779
780
782
787
788
790
793
796
799
800
807
811
813
818
820
822
823
826
827
833
834
835
837
838
842
847
860
864
866
870
871
873
874
877
880
882
886
889
891
892
893
900
901
902
903
904
905
908
912
915
917
921
922
924
929
934
936
937
938
939
940
949
952
957
958
964
965
970
974
976
978
981
989
990
996
998
999
1000
1004
1012
1013
1021
1022
1027
1036
1041
1042
1043
1044
1050
1052
1054
1055
1060
1061
1066
1067
1069
1070
1072
1075
1077
1078
1081
1093
1095
1096
1100
1101
1103
1104
1109
1113
1116
1120
1122
1124
1126
1128
1130
1136
1140
1144
1145
1146
1147
1148
1150
1151
1154
1157
1158
1166
1169
1173
1179
1180
1181
1192
1195
1203
1204
1207
1210
1212
1217
1224
1228
1229
1235
1237
1242
1245
1246
1252
1258
1259
1260
1265
1268
1269
1271
1282
1290
1295
1297
1298
1299
1307
1309
1329
1332
1333
1336
1338
1340
1347
1352
1359
1361
1363
1365
1368
1369
1378
1381
1382
1383
1386
1392
1394
1397
1399
1403
1407
1417
1418
1435
1437
1439
1446
1447
1450
1453
1458
1459
1460
1462
1463
1467
1468
1469
1471
1472
1476
1477
1481
1488
1491
1497
1500
1504
1505
1506
1508
1511
1512
1514
1516
1521
1524
1526
1529
1530
1531
1532
1534
1539
1545
1550
1553
1563
1565
1576
1577
1578
1579
1580
1585
1587
1597
1598
1599
1600
1604
1605
1608
1612
1613
1614
1618
1619
1622
1627
1631
1639
1642
1643
1647
1648
1661
1662
1666
1667
1668
1669
1671
1672
1677
1678
1682
1689
1692
1697
1699
1701
1702
1707
1708
1709
1710
1713
1716
1720
1721
1728
1729
1742
1745
1749
1754
1757
1758
1766
1768
1769
1771
1773
1774
1782
1784
1792
1795
1799
1802
1805
1806
1807
1809
1818
1826
1829
1831
1834
1838
1843
1848
1851
1856
1857
1861
1862
1863
1866
1867
1873
1877
1878
1880
1887
1889
1891
1898
1903
1906
1907
1909
1911
1914
1916
1918
1921
1929
1930
1931
1932
1937
1941
1951
1952
1955
1957
1961
1963
1964
1966
1982
1991
1992
1995
2004
2006
2007
2015
2018
2019
2024
2025
2027
2028
2031
2033
2035
2037
2041
2044
2053
2068
2070
2071
2072
2075
2077
2078
2092
2094
2095
2097
2098
2101
2102
2104
2110
2113
2116
2117
2118
2119
2120
2123
2125
2126
2129
2131
2133
2138
2140
2141
2155
2159
2160
2161
2175
2177
2181
2182
2183
2184
2187
2189
2191
2201
2205
2209
2212
2220
2226
2234
2235
2239
2241
2252
2261
2264
2275
2276
2278
2280
2283
2287
2289
2292
2296
2298
2300
2301
2305
2306
2307
2310
2318
2320
2323
2327
2328
2329
2331
2333
2338
2339
2341
2346
2348
2350
2351
2353
2355
2357
2359
2361
2362
2364
2367
2370
2372
2373
2379
2380
2381
2383
2384
2385
2387
2405
2406
2407
2412
2416
2417
2419
2420
2428
2431
2434
2435
2440
2441
2443
2444
2449
2452
2454
2464
2466
2468
2469
2472
2474
2476
2480
2481
2487
2490
2492
2500
2504
2507
2510
2511
2514
2516
2523
2524
2525
2529
2531
2533
2534
2535
2539
2541
2549
2554
2563
2564
2568
2575
2578
2579
2581
2582
2583
2584
2585
2586
2587
2593
2595
2598
2604
2605
2616
2617
2621
2622
2624
2626
2627
2630
2635
2646
2649
2654
2659
2665
2666
2669
2672
2673
2677
2678
2681
2688
2693
2694
2695
2696
2701
2703
2706
2712
2713
2716
2718
2721
2723
2725
2726
2727
2729
2731
2739
2746
2747
2748
2750
2752
2763
2767
2771
2773
2775
2776
2778
2780
2781
2782
2783
2785
2803
2812
2813
2821
2822
2823
2826
2831
2833
2837
2840
2843
2848
2849
2850
2855
2856
2859
2861
2864
2868
2875
2876
2882
2883
2889
2890
2892
2897
2898
2902
2909
2918
2920
2924
2925
2927
2928
2933
2939
2942
2945
2949
2950
2955
2957
2963
2969
2970
2977
2978
2979
2982
2988
2993
2995
2998
3002
3006
3007
3011
3012
3020
3022
3024
3026
3028
3036
3040
3042
3045
3047
3048
3049
3051
3054
3065
3071
3072
3073
3077
3081
3087
3089
3090
3093
3096
3097
3099
3101
3108
3111
3125
3126
3129
3130
3133
3137
3139
3142
3143
3146
3148
3152
3154
3160
3163
3164
3165
3171
3172
3176
3180
3181
3182
3184
3185
3189
3197
3198
3202
3207
3210
3211
3216
3225
3240
3245
3248
3252
3259
3261
3264
3265
3267
3269
3275
3280
3281
3282
3286
3287
3291
3293
3294
3302
3308
3310
3312
3318
3319
3323
3326
3335
3338
3342
3343
3346
3347
3349
3354
3355
3357
3358
3361
3362
3363
3364
3370
3371
3374
3379
3381
3382
3383
3388
3389
3393
3395
3398
3402
3410
3412
3415
3417
3419
3425
3428
3443
3447
3448
3453
3463
3470
3472
3474
3475
3476
3477
3479
3484
3491
3492
3498
3499
3507
3514
3518
3521
3522
3523
3524
3525
3527
3529
3531
3532
3535
3537
3538
3542
3544
3548
3552
3557
3559
3565
3566
3567
3569
3575
3582
3587
3588
3594
3599
3600
3602
3604
3611
3612
3616
3617
3622
3623
3627
3636
3641
3644
3647
3649
3651
3652
3655
3657
3659
3662
3666
3667
3668
3673
3674
3682
3685
3687
3690
3694
3697
3698
3699
3703
3704
3709
3711
3712
3714
3716
3717
3723
3725
3726
3728
3731
3735
3740
3743
3745
3752
3753
3757
3764
3767
3770
3779
3782
3783
3785
3795
3797
3805
3809
3813
3814
3815
3818
3819
3820
3821
3823
3827
3828
3830
3832
3833
3843
3846
3849
3850
3858
3862
3864
3865
3867
3870
3873
3878
3879
3880
3881
3890
3893
3899
3901
3902
3907
3908
3910
3923
3926
3927
3935
3936
3938
3945
3949
3950
3951
3952
3956
3957
3961
3964
3978
3980
3984
3986
3987
3988
3991
3998
4008
4009
4010
4012
4018
4024
4026
4027
4029
4033
4034
4037
4040
4044
4045
4049
4050
4054
4056
4061
4064
4065
4067
4068
4079
4083
4084
4085
4086
4087
4089
4093
4096
4097
4103
4108
4111
4113
4114
4118
4119
4120
4124
4125
4126
4134
4139
4143
4145
4148
4149
4157
4159
4162
4164
4167
4168
4170
4171
4176
4178
4182
4187
4189
4191
4195
4196
4197
4200
4204
4205
4213
4225
4227
4234
4236
4240
4245
4251
4254
4256
4257
4260
4262
4263
4268
4269
4271
4275
4279
4291
4294
4295
4296
4300
4303
4305
4307
4309
4312
4313
4314
4333
4341
4344
4345
4347
4348
4349
4352
4353
4363
4367
4370
4371
4385
4386
4400
4403
4413
4416
4417
4418
4428
4433
4435
4437
4442
4445
4453
4465
4466
4470
4474
4475
4479
4480
4485
4487
4490
4493
4494
4497
4499
4502
4515
4516
4523
4526
4528
4530
4537
4539
4540
4543
4551
4559
4561
4562
4568
4569
4575
4579
4581
4583
4597
4601
4604
4605
4609
4612
4613
4616
4620
4622
4633
4639
4641
4648
4654
4656
4657
4658
4660
4661
4662
4664
4665
4666
4668
4669
4674
4678
4681
4686
4690
4692
4693
4695
4697
4699
4700
4703
4707
4709
4711
4716
4718
4720
4721
4723
4724
4726
4743
4744
4746
4750
4752
4762
4764
4769
4774
4776
4777
4784
4791
4797
4813
4817
4818
4819
4831
4832
4833
4837
4846
4850
4856
4863
4866
4867
4872
4873
4880
4881
4891
4893
4895
4897
4901
4902
4904
4905
4917
4918
4921
4923
4927
4930
4932
4938
4939
4940
4941
4942
4945
4961
4962
4963
4966
4967
4969
4970
4978
4979
4987
4991
4997
4998
5004
5007
5008
5009
5012
5025
5026
5028
5033
5042
5047
5052
5059
5065
5067
5070
5077
5079
5085
5086
5090
5096
5097
5102
5104
5108
5110
5119
5124
5130
5131
5135
5136
5145
5146
5150
5153
5155
5162
5163
5164
5165
5166
5167
5170
5174
5175
5177
5178
5185
5186
5192
5197
5198
5200
5201
5203
5204
5210
5214
5216
5222
5223
5227
5231
5232
5234
5235
5237
5238
5239
5240
5248
5250
5251
5255
5257
5259
5262
5265
5268
5271
5274
5275
5276
5281
5283
5287
5289
5294
5295
5296
5302
5303
5310
5317
5320
5321
5323
5328
5338
5340
5346
5348
5352
5356
5358
5359
5361
5362
5363
5367
5370
5371
5372
5373
5375
5377
5379
5382
5383
5384
5386
5392
5393
5394
5395
5401
5403
5409
5416
5422
5423
5426
5427
5431
5433
5434
5436
5439
5441
5442
5443
5451
5459
5464
5465
5468
5469
5477
5481
5484
5487
5488
5489
5497
5498
5500
5503
5507
5512
5514
5520
5525
5526
5527
5540
5541
5543
5545
5550
5551
5555
5556
5557
5562
5563
5567
5568
5570
5582
5584
5585
5589
5590
5593
5595
5596
5599
5606
5607
5610
5611
5615
5618
5619
5623
5625
5626
5631
5633
5635
5638
5642
5646
5651
5652
5653
5654
5655
5656
5657
5665
5673
5675
5686
5687
5689
5692
5694
5695
5698
5699
5700
5702
5707
5708
5715
5724
5727
5730
5732
5733
5745
5750
5751
5752
5755
5760
5761
5764
5766
5770
5771
5774
5775
5788
5789
5791
5792
5794
5795
5800
5803
5813
5814
5815
5816
5823
5831
5832
5837
5841
5843
5847
5848
5849
5855
5856
5858
5860
5863
5865
5868
5869
5870
5872
5880
5884
5903
5904
5906
5908
5909
5915
5917
5920
5925
5929
5938
5941
5942
5943
5951
5955
5957
5959
5961
5963
5965
5978
5980
5981
5984
5985
5986
5987
5990
5995
5996
5998
6003
6005
6009
6011
6013
6018
6020
6021
6023
6027
6028
6029
6032
6038
6041
6042
6044
6045
6049
6050
6053
6067
6068
6069
6073
6075
6077
6079
6081
6084
6086
6088
6094
6097
6098
6100
6101
6109
6113
6115
6118
6125
6127
6128
6129
6130
6136
6138
6141
6144
6145
6150
6151
6153
6156
6163
6165
6166
6168
6169
6171
6172
6174
6178
6180
6187
6188
6192
6198
6203
6211
6212
6213
6217
6222
6223
6224
6225
6227
6229
6231
6235
6237
6238
6239
6245
6249
6250
6255
6262
6266
6267
6268
6269
6272
6275
6282
6283
6287
6293
6300
6301
6304
6305
6313
6314
6315
6316
6318
6322
6325
6326
6327
6328
6332
6335
6339
6341
6346
6347
6350
6353
6357
6358
6359
6360
6362
6366
6381
6382
6384
6385
6386
6400
6402
6404
6406
6407
6409
6412
6416
6419
6421
6424
6432
6442
6443
6444
6450
6452
6454
6461
6463
6464
6467
6470
6474
6478
6482
6483
6488
6491
6492
6494
6498
6501
6508
6512
6515
6516
6518
6520
6521
6524
6531
6548
6550
6551
6554
6555
6565
6571
6573
6579
6581
6584
6586
6588
6590
6595
6602
6607
6610
6624
6625
6627
6631
6634
6637
6638
6647
6648
6649
6657
6660
6661
6662
6663
6665
6667
6671
6672
6673
6674
6675
6677
6681
6683
6684
6685
6687
6688
6689
6695
6699
6703
6707
6711
6714
6715
6717
6723
6732
6733
6734
6737
6742
6744
6749
6752
6756
6761
6762
6764
6767
6768
6769
6772
6774
6776
6779
6781
6784
6791
6794
6797
6801
6803
6813
6815
6821
6825
6828
6831
6838
6843
6845
6846
6847
6852
6853
6857
6858
6860
6861
6864
6868
6872
6879
6881
6882
6887
6889
6891
6911
6913
6918
6922
6923
6924
6926
6930
6933
6935
6939
6945
6948
6949
6952
6962
6963
6967
6968
6970
6974
6979
6981
6984
6985
6988
6990
6991
6992
6994
7000
7001
7005
7009
7017
7022
7026
7027
7030
7031
7032
7039
7040
7047
7048
7049
7057
7071
7072
7073
7075
7081
7082
7084
7086
7093
7094
7096
7099
7107
7108
7109
7110
7111
7114
7116
7117
7120
7122
7123
7124
7125
7132
7139
7148
7161
7165
7166
7172
7173
7179
7181
7183
7184
7187
7190
7192
7194
7202
7203
7207
7214
7217
7218
7225
7231
7235
7239
7240
7245
7253
7256
7257
7261
7262
7263
7273
7274
7280
7294
7295
7296
7297
7305
7307
7313
7316
7325
7326
7327
7330
7332
7333
7336
7341
7342
7343
7344
7349
7355
7356
7357
7361
7367
7368
7369
7371
7373
7378
7379
7383
7389
7390
7391
7395
7396
7403
7404
7408
7412
7421
7428
7433
7437
7439
7440
7441
7447
7450
7452
7457
7458
7460
7462
7466
7468
7475
7486
7487
7488
7490
7491
7492
7494
7495
7496
7500
7503
7505
7507
7512
7514
7517
7519
7520
7524
7527
7528
7529
7530
7533
7537
7550
7551
7562
7563
7564
7568
7570
7571
7574
7587
7590
7594
7595
7596
7597
7609
7613
7614
7617
7623
7624
7625
7628
7629
7631
7632
7641
7643
7644
7646
7647
7649
7652
7654
7657
7659
7664
7665
7666
7667
7671
7672
7674
7682
7687
7691
7692
7694
7697
7698
7701
7702
7703
7705
7712
7714
7718
7720
7722
7724
7729
7733
7739
7744
7752
7753
7757
7759
7760
7764
7767
7770
7771
7778
7779
7782
7792
7795
7798
7799
7807
7808
7810
7811
7814
7816
7819
7820
7821
7823
7826
7830
7831
7844
7846
7851
7859
7860
7862
7864
7869
7872
7874
7876
7880
7883
7885
7887
7891
7897
7898
7901
7904
7907
7909
7914
7916
7918
7919
7921
7923
7924
7925
7926
7928
7934
7936
7937
7944
7952
7956
7957
7959
7963
7966
7973
7974
7976
7978
7982
7985
7986
7992
7993
7995
7997
8002
8005
8011
8013
8014
8015
8018
8020
8023
8029
8030
8031
8032
8033
8042
8052
8058
8060
8071
8073
8076
8077
8080
8087
8088
8091
8111
8120
8124
8126
8133
8136
8137
8138
8143
8144
8145
8146
8149
8152
8154
8156
8158
8159
8165
8172
8175
8176
8184
8186
8187
8191
8192
8193
8196
8197
8201
8204
8208
8211
8212
8214
8215
8217
8232
8237
8240
8241
8245
8246
8248
8252
8254
8268
8271
8273
8275
8277
8278
8280
8281
8284
8285
8287
8289
8291
8293
8296
8302
8304
8306
8308
8312
8314
8318
8330
8336
8337
8339
8341
8350
8352
8358
8360
8365
8367
8371
8374
8378
8386
8387
8388
8390
8391
8397
8399
8401
8402
8414
8415
8419
8422
8427
8428
8430
8435
8438
8440
8441
8447
8449
8450
8451
8457
8460
8467
8470
8472
8478
8481
8484
8488
8493
8497
8499
8500
8502
8508
8510
8511
8513
8518
8519
8521
8522
8523
8526
8529
8532
8534
8535
8538
8543
8552
8561
8562
8570
8572
8576
8579
8581
8582
8586
8587
8590
8591
8594
8598
8599
8603
8618
8620
8621
8622
8628
8629
8630
8631
8634
8637
8638
8642
8651
8652
8660
8667
8669
8676
8677
8679
8680
8681
8683
8688
8692
8694
8695
8699
8702
8705
8711
8713
8714
8721
8723
8727
8730
8741
8742
8745
8746
8748
8754
8759
8762
8763
8764
8773
8774
8783
8785
8787
8789
8790
8792
8794
8795
8797
8798
8800
8801
8802
8805
8806
8810
8811
8812
8814
8815
8816
8827
8829
8830
8834
8837
8843
8852
8855
8857
8862
8868
8878
8879
8887
8891
8892
8893
8894
8896
8906
8910
8911
8912
8915
8924
8926
8929
8931
8934
8935
8938
8943
8944
8948
8952
8953
8955
8960
8963
8966
8972
8978
8979
8984
8985
8989
8991
8997
9001
9002
9003
9004
9006
9008
9009
9014
9017
9022
9023
9024
9025
9031
9032
9036
9038
9045
9046
9050
9053
9054
9055
9057
9062
9065
9066
9067
9069
9071
9076
9077
9083
9084
9093
9094
9098
9099
9103
9107
9108
9109
9110
9111
9114
9117
9128
9133
9135
9139
9141
9150
9155
9158
9159
9168
9174
9185
9193
9197
9198
9201
9204
9210
9215
9217
9218
9222
9224
9226
9231
9238
9239
9246
9253
9254
9259
9260
9262
9265
9266
9268
9273
9275
9276
9280
9289
9292
9295
9296
9300
9303
9304
9309
9312
9317
9319
9323
9327
9328
9332
9333
9337
9342
9343
9346
9347
9350
9353
9356
9357
9361
9370
9372
9373
9378
9379
9386
9389
9400
9402
9403
9407
9409
9415
9420
9426
9427
9428
9434
9435
9436
9437
9440
9441
9442
9444
9447
9453
9454
9456
9458
9459
9463
9466
9467
9468
9470
9480
9481
9482
9484
9485
9491
9495
9499
9507
9514
9517
9518
9519
9520
9522
9524
9532
9534
9535
9538
9539
9542
9543
9544
9546
9552
9558
9563
9565
9570
9573
9574
9577
9595
9596
9598
9603
9606
9608
9612
9614
9615
9616
9621
9623
9625
9631
9636
9640
9642
9648
9653
9655
9658
9660
9666
9668
9669
9670
9677
9679
9687
9688
9690
9692
9693
9695
9697
9698
9707
9709
9711
9712
9720
9722
9725
9726
9745
9747
9748
9750
9752
9754
9755
9757
9758
9759
9761
9764
9766
9767
9769
9770
9776
9780
9782
9784
9786
9788
9792
9793
9797
9804
9808
9812
9813
9820
9821
9822
9826
9827
9829
9836
9838
9842
9844
9850
9852
9857
9860
9863
9865
9867
9871
9873
9874
9878
9880
9882
9884
9889
9890
9894
9899
9900
9904
9905
9907
9909
9910
9914
9923
9927
9929
9931
9934
9944
9946
9947
9949
9951
9952
9957
9964
9968
9971
9975
9978
9982
9984
9987
9991
10002
10003
10004
10010
10012
10017
10018
10020
10022
10031
10038
10039
10041
10042
10045
10046
10048
10049
10053
10056
10064
10065
10069
10080
10090
10093
10094
10099
10106
10110
10119
10120
10121
10122
10126
10127
10135
10136
10139
10140
10148
10151
10153
10154
10160
10161
10163
10168
10169
10173
10176
10183
10184
10186
10193
10194
10197
10198
10200
10205
10206
10207
10209
10217
10218
10220
10222
10228
10231
10232
10236
10238
10243
10245
10248
10251
10252
10254
10257
10258
10263
10264
10265
10266
10268
10273
10274
10275
10276
10278
10287
10289
10291
10297
10299
10301
10305
10306
10307
10309
10315
10316
10319
10321
10328
10330
10331
10335
10349
10351
10352
10353
10355
10356
10357
10360
10363
10368
10371
10372
10381
10387
10390
10392
10394
10400
10401
10403
10404
10406
10408
10409
10413
10414
10416
10417
10421
10426
10429
10431
10435
10436
10438
10440
10443
10444
10445
10452
10453
10458
10459
10460
10463
10467
10468
10470
10471
10476
10479
10480
10483
10486
10487
10488
10491
10500
10504
10509
10514
10520
10522
10527
10529
10531
10532
10534
10550
10552
10554
10560
10564
10565
10566
10568
10569
10572
10574
10582
10586
10587
10601
10606
10607
10608
10609
10612
10614
10615
10617
10621
10625
10626
10628
10629
10630
10631
10633
10639
10641
10645
10647
10649
10662
10663
10664
10666
10671
10674
10675
10676
10677
10686
10691
10693
10696
10697
10698
10699
10704
10706
10709
10710
10716
10719
10720
10723
10727
10728
10737
10742
10751
10752
10757
10758
10760
10762
10764
10766
10767
10769
10770
10772
10773
10774
10776
10777
10780
10783
10784
10786
10791
10794
10795
10796
10799
10801
10802
10804
10808
10816
10817
10819
10822
10838
10843
10844
10847
10851
10852
10857
10860
10861
10862
10870
10872
10879
10881
10882
10893
10895
10908
10912
10913
10915
10919
10921
10922
10923
10928
10932
10933
10934
10939
10941
10943
10948
10953
10954
10957
10962
10968
10970
10972
10979
10984
10987
10993
10994
10995
11003
11004
11010
11013
11014
11016
11017
11020
11022
11024
11028
11030
11042
11045
11046
11048
11054
11059
11064
11065
11068
11070
11074
11078
11084
11087
11088
11091
11098
11100
11103
11104
11105
11106
11107
11110
11115
11118
11120
11124
11125
11126
11128
11134
11136
11139
11146
11147
11150
11154
11157
11165
11167
11172
11174
11175
11177
11179
11180
11181
11188
11193
11194
11204
11207
11211
11213
11219
11221
11223
11228
11232
11241
11242
11246
11254
11261
11262
11264
11265
11266
11268
11271
11272
11275
11276
11286
11287
11288
11289
11290
11291
11292
11295
11298
11299
11303
11307
11311
11316
11319
11320
11323
11325
11332
11334
11337
11338
11340
11343
11344
11345
11347
11352
11356
11358
11359
11363
11364
11366
11367
11373
11374
11379
11380
11385
11386
11387
11388
11400
11403
11406
11407
11413
11415
11417
11419
11421
11424
11427
11430
11433
11440
11445
11452
11455
11457
11463
11464
11468
11473
11477
11479
11482
11484
11487
11488
11496
11500
11502
11504
11506
11508
11517
11518
11520
11523
11524
11531
11532
11533
11535
11539
11540
11541
11544
11545
11547
11551
11553
11560
11561
11562
11565
11574
11577
11579
11581
11584
11585
11589
11592
11594
11596
11597
11598
11600
11601
11602
11603
11616
11617
11623
11630
11631
11636
11638
11642
11648
11656
11658
11663
11667
11668
11670
11674
11682
11689
11691
11698
11699
11703
11707
11710
11711
11720
11722
11725
11727
11730
11733
11734
11741
11747
11749
11750
11752
11753
11754
11756
11763
11764
11765
11767
11773
11777
11781
11790
11791
11792
11801
11802
11806
11807
11810
11811
11813
11814
11815
11821
11822
11824
11827
11828
11832
11833
11835
11838
11844
11847
11851
11852
11857
11858
11860
11865
11869
11870
11878
11881
11883
11884
11891
11895
11896
11898
11905
11907
11909
11911
11912
11917
11920
11921
11924
11926
11931
11933
11934
11941
11943
11945
11948
11949
11952
11956
11967
11970
11976
11977
11979
11980
11990
11993
11994
12005
12012
12013
12016
12019
12020
12035
12040
12043
12044
12046
12048
12049
12052
12054
12059
12060
12067
12072
12075
12077
12079
12080
12082
12083
12084
12088
12096
12104
12112
12115
12119
12123
12124
12129
12140
12141
12143
12149
12151
12155
12158
12160
12166
12172
12176
12177
12195
12198
12199
12203
12212
12214
12223
12224
12226
12228
12229
12232
12237
12238
12242
12245
12247
12255
12259
12266
12267
12269
12270
12273
12276
12279
12281
12288
12289
12290
12291
12293
12295
12300
12302
12305
12306
12309
12311
12316
12322
12325
12327
12336
12339
12340
12341
12342
12346
12350
12351
12354
12355
12356
12360
12367
12368
12369
12371
12372
12374
12375
12377
12382
12385
12387
12388
12389
12390
12391
12392
12394
12396
12397
12398
12409
12411
12415
12419
12425
12428
12429
12431
12436
12437
12438
12441
12442
12444
12446
12448
12449
12453
12455
12457
12468
12475
12481
12482
12488
12490
12492
12496
12500
12508
12510
12511
12515
12516
12524
12528
12529
12533
12535
12538
12542
12543
12545
12547
12549
12552
12553
12562
12563
12564
12566
12569
12574
12575
12578
12582
12587
12590
12594
12597
12600
12603
12604
12609
12612
12613
12621
12622
12623
12627
12628
12639
12641
12642
12653
12657
12667
12668
12675
12676
12677
12681
12682
12686
12687
12692
12694
12695
12696
12699
12700
12706
12707
12711
12714
12719
12724
12728
12729
12731
12741
12743
12745
12747
12750
12752
12758
12762
12765
12770
12773
12775
12782
12787
12791
12792
12794
12795
12799
12804
12807
12808
12809
12812
12813
12816
12820
12825
12826
12828
12829
12833
12834
12835
12836
12837
12839
12841
12844
12845
12847
12850
12857
12862
12864
12865
12866
12868
12870
12871
12874
12880
12888
12890
12891
12895
12897
12901
12902
12910
12914
12916
12917
12918
12919
12923
12927
12930
12931
12933
12937
12939
12945
12947
12957
12963
12964
12966
12967
12968
12973
12975
12989
12990
12996
12997
13000
13001
13004
13008
13012
13013
13015
13016
13019
13024
13025
13026
13030
13034
13041
13043
13048
13049
13053
13055
13060
13064
13065
13066
13067
13068
13070
13071
13077
13085
13089
13090
13095
13096
13097
13109
13110
13112
13113
13114
13116
13117
13119
13121
13122
13123
13124
13126
13127
13128
13134
13135
13139
13140
13141
13145
13147
13148
13152
13153
13165
13170
13171
13174
13176
13179
13180
13181
13186
13187
13188
13189
13201
13204
13211
13220
13224
13226
13228
13236
13237
13238
13239
13244
13246
13248
13256
13261
13263
13264
13266
13268
13269
13276
13277
13279
13284
13288
13295
13299
13303
13308
13312
13314
13328
13329
13336
13339
13342
13344
13348
13350
13358
13359
13366
13370
13376
13378
13380
13384
13388
13390
13392
13393
13394
13396
13399
13402
13405
13416
13420
13422
13429
13433
13434
13443
13445
13446
13448
13449
13451
13454
13460
13473
13477
13482
13485
13486
13500
13504
13507
13510
13514
13516
13518
13524
13532
13537
13541
13542
13543
13548
13550
13553
13554
13556
13561
13575
13576
13577
13578
13581
13583
13584
13585
13594
13599
13605
13612
13616
13620
13621
13625
13629
13634
13640
13644
13648
13649
13653
13654
13655
13658
13672
13682
13686
13692
13696
13704
13705
13709
13710
13711
13713
13715
13716
13717
13720
13721
13729
13731
13733
13735
13736
13737
13738
13740
13741
13746
13747
13750
13755
13757
13758
13763
13765
13771
13773
13774
13779
13780
13781
13783
13789
13794
13802
13804
13806
13807
13811
13812
13813
13814
13815
13817
13820
13821
13824
13829
13830
13832
13838
13839
13840
13841
13842
13843
13848
13849
13851
13857
13859
13862
13865
13867
13868
13869
13873
13874
13877
13881
13883
13890
13899
13902
13911
13921
13932
13933
13935
13940
13942
13943
13945
13947
13950
13963
13964
13971
13977
13978
13982
13984
13986
13987
13990
13991
14001
14007
14008
14009
14014
14018
14028
14029
14033
14035
14037
14040
14041
14046
14047
14053
14054
14058
14059
14060
14065
14067
14071
14074
14075
14078
14083
14085
14086
14087
14089
14093
14101
14102
14103
14108
14116
14117
14120
14121
14124
14128
14130
14133
14136
14142
14143
14146
14151
14152
14154
14171
14177
14178
14182
14183
14189
14191
14192
14194
14203
14209
14215
14216
14219
14225
14227
14230
14232
14239
14240
14241
14244
14245
14246
14248
14249
14255
14257
14259
14262
14267
14273
14275
14280
14282
14289
14291
14294
14296
14298
14300
14302
14303
14304
14309
14320
14321
14323
14325
14326
14327
14330
14331
14335
14337
14338
14341
14342
14345
14348
14349
14350
14357
14361
14363
14364
14365
14366
14369
14371
14372
14374
14380
14381
14382
14386
14388
14389
14390
14391
14392
14394
14395
14396
14398
14400
14402
14405
14406
14408
14417
14426
14435
14436
14439
14446
14447
14449
14450
14451
14454
14455
14456
14457
14458
14465
14468
14474
14481
14484
14486
14487
14488
14491
14496
14499
14501
14504
14508
14512
14513
14522
14524
14531
14533
14538
14544
14549
14551
14554
14555
14556
14567
14572
14573
14583
14588
14589
14592
14595
14596
14598
14604
14607
14612
14618
14619
14620
14622
14623
14625
14628
14633
14638
14639
14645
14648
14649
14650
14653
14663
14664
14671
14672
14684
14685
14686
14687
14695
14697
14698
14702
14705
14711
14712
14714
14721
14724
14727
14731
14732
14736
14739
14740
14742
14747
14748
14750
14754
14755
14757
14758
14762
14763
14766
14768
14769
14774
14777
14780
14783
14784
14788
14792
14795
14796
14799
14814
14815
14819
14821
14825
14827
14829
14835
14840
14842
14843
14851
14853
14854
14856
14865
14867
14869
14873
14876
14877
14878
14885
14893
14896
14898
14899
14902
14903
14906
14907
14913
14916
14917
14921
14922
14924
14928
14929
14931
14932
14934
14938
14944
14946
14951
14953
14958
14960
14963
14965
14967
14971
14972
14977
14985
14987
14993
14998
15002
15010
15012
15014
15021
15028
15031
15034
15037
15045
15049
15052
15057
15059
15063
15064
15065
15066
15070
15072
15076
15079
15081
15082
15084
15091
15093
15095
15098
15102
15107
15108
15113
15114
15115
15116
15117
15119
15121
15123
15126
15127
15128
15129
15132
15136
15137
15138
15139
15141
15144
15148
15149
15151
15154
15159
15160
15163
15164
15173
15174
15177
15184
15185
15197
15201
15202
15203
15204
15205
15221
15222
15223
15225
15226
15227
15230
15236
15238
15243
15259
15262
15270
15278
15280
15287
15288
15289
15291
15301
15320
15323
15324
15325
15326
15329
15330
15333
15334
15338
15341
15349
15351
15355
15356
15362
15364
15365
15367
15371
15373
15377
15378
15379
15381
15389
15393
15395
15396
15397
15401
15410
15411
15412
15413
15415
15419
15422
15427
15430
15433
15436
15438
15443
15447
15452
15460
15462
15468
15474
15476
15491
15495
15498
15499
15503
15507
15508
15511
15514
15517
15525
15528
15539
15547
15551
15552
15553
15556
15558
15562
15564
15577
15578
15580
15581
15582
15586
15589
15590
15601
15603
15604
15605
15611
15618
15619
15620
15624
15626
15628
15631
15632
15638
15639
15641
15642
15643
15648
15650
15651
15655
15657
15661
15665
15666
15668
15669
15673
15679
15685
15686
15689
15691
15693
15694
15697
15699
15702
15704
15709
15711
15713
15714
15716
15717
15721
15723
15725
15733
15734
15735
15736
15737
15738
15739
15740
15741
15744
15747
15755
15757
15760
15767
15768
15769
15773
15775
15777
15783
15785
15787
15788
15792
15796
15798
15800
15801
15804
15807
15809
15813
15823
15824
15825
15826
15832
15842
15845
15847
15849
15852
15853
15861
15863
15865
15866
15867
15871
15875
15878
15881
15882
15884
15885
15888
15891
15895
15897
15899
15900
15902
15905
15912
15913
15915
15919
15922
15926
15928
15931
15940
15950
15956
15960
15968
15969
15971
15972
15973
15976
15980
15983
15985
15987
15988
15996
16001
16004
16006
16007
16008
16009
16011
16012
16015
16018
16019
16021
16024
16025
16033
16034
16035
16040
16042
16052
16057
16060
16065
16067
16070
16071
16072
16075
16076
16081
16083
16087
16088
16089
16093
16095
16099
16100
16101
16102
16113
16114
16115
16119
16120
16122
16124
16125
16127
16130
16131
16133
16138
16142
16145
16150
16155
16159
16162
16164
16166
16167
16169
16171
16173
16174
16178
16183
16185
16190
16191
16192
16195
16200
16205
16209
16210
16212
16215
16216
16219
16220
16221
16226
16227
16231
16236
16237
16238
16242
16243
16246
16248
16252
16254
16264
16268
16270
16271
16274
16275
16281
16284
16288
16292
16296
16298
16299
16300
16304
16307
16309
16311
16315
16319
16320
16323
16327
16336
16340
16344
16345
16346
16348
16349
16350
16353
16354
16355
16358
16359
16361
16363
16365
16371
16372
16373
16376
16386
16389
16390
16397
16398
16405
16407
16409
16415
16417
16419
16421
16425
16426
16428
16432
16435
16444
16447
16449
16454
16460
16462
16465
16473
16484
16487
16493
16504
16511
16521
16528
16537
16543
16544
16548
16551
16554
16557
16567
16568
16569
16574
16579
16583
16588
16593
16595
16600
16606
16607
16611
16612
16613
16616
16620
16631
16632
16635
16636
16637
16639
16646
16649
16656
16657
16659
16662
16666
16669
16671
16681
16683
16685
16686
16688
16691
16692
16693
16695
16696
16698
16702
16705
16706
16709
16710
16712
16714
16715
16721
16742
16743
16746
16747
16748
16749
16752
16754
16755
16759
16760
16761
16776
16780
16784
16787
16790
16791
16792
16794
16798
16799
16803
16804
16805
16811
16821
16822
16824
16829
16832
16833
16835
16838
16839
16843
16846
16850
16856
16865
16869
16872
16875
16876
16886
16887
16893
16896
16897
16900
16902
16908
16909
16910
16912
16918
16920
16924
16929
16932
16936
16937
16938
16941
16947
16951
16955
16957
16960
16961
16967
16970
16974
16981
16982
16987
16989
16992
16993
17001
17002
17003
17009
17012
17019
17024
17025
17031
17033
17034
17037
17040
17042
17047
17051
17060
17063
17067
17072
17073
17074
17075
17088
17093
17095
17097
17098
17100
17101
17102
17109
17111
17116
17117
17118
17119
17121
17123
17124
17129
17133
17134
17138
17141
17143
17144
17150
17155
17164
17165
17167
17170
17172
17180
17186
17187
17191
17192
17197
17206
17207
17209
17213
17216
17221
17227
17228
17232
17235
17239
17240
17245
17247
17248
17250
17251
17253
17256
17257
17258
17264
17273
17274
17276
17278
17279
17281
17282
17288
17291
17293
17294
17298
17299
17303
17305
17306
17307
17309
17310
17311
17312
17313
17318
17326
17328
17329
17331
17332
17335
17336
17337
17340
17343
17345
17348
17349
17352
17354
17356
17365
17370
17372
17373
17375
17376
17379
17388
17389
17390
17391
17396
17405
17409
17413
17414
17417
17420
17430
17451
17453
17458
17460
17462
17463
17469
17470
17473
17477
17484
17485
17495
17499
17502
17509
17512
17514
17521
17523
17528
17530
17537
17539
17545
17546
17548
17551
17553
17557
17567
17571
17572
17573
17576
17577
17581
17582
17586
17590
17592
17598
17600
17604
17607
17608
17611
17612
17617
17618
17620
17622
17623
17625
17627
17628
17633
17634
17635
17638
17640
17641
17650
17651
17652
17656
17657
17658
17659
17673
17681
17682
17684
17687
17690
17698
17699
17705
17706
17707
17709
17711
17716
17717
17718
17719
17722
17723
17726
17729
17731
17732
17739
17740
17742
17746
17748
17754
17757
17764
17765
17767
17768
17770
17771
17774
17775
17777
17778
17781
17782
17790
17791
17793
17794
17798
17800
17802
17806
17808
17812
17815
17817
17823
17835
17842
17845
17846
17848
17854
17858
17860
17862
17865
17871
17873
17875
17892
17893
17895
17898
17904
17909
17910
17912
17921
17930
17931
17935
17936
17938
17939
17945
17955
17958
17960
17962
17963
17964
17966
17969
17978
17979
17987
17991
17993
17995
17996
17997
18016
18017
18019
18023
18028
18032
18039
18042
18043
18052
18055
18057
18058
18060
18065
18068
18069
18070
18071
18072
18074
18082
18086
18096
18099
18100
18101
18107
18110
18111
18112
18114
18115
18116
18117
18121
18124
18131
18132
18133
18134
18137
18142
18147
18148
18152
18154
18163
18164
18167
18175
18176
18180
18187
18188
18191
18194
18195
18196
18199
18204
18214
18222
18224
18226
18230
18232
18233
18236
18237
18239
18242
18246
18247
18248
18249
18251
18253
18254
18255
18265
18269
18270
18273
18275
18282
18284
18286
18295
18297
18298
18302
18303
18310
18322
18326
18332
18333
18334
18340
18342
18347
18348
18355
18366
18368
18373
18374
18379
18383
18388
18391
18392
18394
18397
18398
18401
18406
18407
18410
18414
18421
18422
18423
18430
18433
18436
18438
18442
18450
18455
18469
18476
18479
18484
18486
18488
18489
18491
18493
18496
18499
18501
18502
18505
18513
18514
18516
18518
18521
18526
18527
18534
18536
18537
18538
18540
18542
18544
18549
18552
18554
18559
18562
18563
18565
18571
18573
18580
18585
18588
18590
18593
18595
18597
18600
18612
18613
18616
18621
18625
18627
18630
18633
18640
18644
18646
18647
18649
18651
18655
18656
18664
18665
18667
18668
18672
18674
18676
18677
18683
18684
18689
18694
18699
18702
18703
18708
18709
18711
18714
18715
18718
18727
18731
18732
18734
18744
18746
18747
18755
18758
18762
18766
18772
18774
18775
18778
18780
18782
18784
18785
18786
18787
18791
18793
18800
18802
18806
18811
18814
18822
18830
18831
18833
18834
18843
18844
18845
18850
18851
18857
18858
18862
18868
18870
18874
18875
18878
18879
18881
18887
18892
18895
18899
18901
18903
18907
18908
18909
18910
18913
18914
18917
18918
18922
18923
18931
18932
18934
18939
18941
18944
18947
18949
18952
18953
18954
18962
18963
18969
18971
18974
18976
18977
18978
18990
18996
18997
18998
19002
19003
19007
19011
19013
19015
19018
19019
19021
19023
19025
19029
19030
19037
19038
19040
19041
19049
19052
19053
19058
19061
19065
19080
19081
19084
19085
19088
19090
19094
19095
19103
19104
19105
19106
19110
19111
19112
19113
19115
19116
19121
19122
19124
19134
19135
19136
19138
19144
19145
19155
19156
19157
19168
19170
19175
19177
19178
19180
19181
19187
19188
19191
19193
19194
19199
19202
19209
19210
19212
19213
19214
19228
19233
19237
19238
19239
19240
19243
19245
19252
19258
19266
19269
19271
19272
19275
19278
19280
19281
19282
19283
19284
19290
19291
19295
19297
19298
19301
19304
19305
19314
19316
19318
19322
19324
19327
19328
19329
19330
19337
19338
19341
19352
19353
19354
19358
19362
19385
19387
19391
19393
19394
19397
19398
19399
19400
19405
19413
19414
19416
19418
19420
19423
19425
19429
19430
19433
19435
19436
19444
19451
19454
19455
19456
19458
19461
19463
19471
19474
19477
19482
19485
19491
19493
19500
19501
19509
19510
19520
19524
19532
19534
19536
19538
19539
19541
19542
19546
19550
19553
19556
19558
19561
19567
19573
19574
19578
19581
19583
19585
19587
19590
19591
19604
19607
19608
19618
19627
19633
19635
19638
19639
19645
19646
19647
19657
19659
19662
19666
19667
19673
19674
19676
19681
19682
19683
19684
19685
19687
19692
19693
19700
19708
19710
19723
19726
19735
19738
19740
19753
19755
19758
19774
19781
19786
19789
19790
19798
19802
19809
19812
19813
19815
19818
19820
19821
19823
19828
19830
19834
19839
19843
19844
19846
19847
19848
19849
19851
19855
19864
19866
19867
19870
19871
19872
19874
19876
19878
19881
19883
19899
19900
19901
19911
19913
19914
19917
19918
19924
19927
19929
19931
19934
19935
19943
19953
19957
19958
19964
19965
19966
19967
19968
19972
19973
19976
19979
19980
19982
19983
19985
19991
19994
20000
20003
20007
20013
20016
20017
20018
20022
20027
20032
20037
20039
20040
20042
20044
20045
20050
20051
20056
20058
20062
20065
20070
20073
20074
20076
20079
20080
20081
20085
20086
20090
20091
20096
20097
20105
20106
20107
20109
20115
20116
20122
20123
20124
20125
20126
20129
20131
20133
20134
20138
20146
20155
20156
20157
20158
20159
20160
20161
20162
20166
20167
20171
20172
20174
20175
20177
20178
20186
20187
20188
20193
20195
20196
20201
20213
20214
20217
20220
20228
20230
20232
20237
20239
20240
20242
20243
20246
20250
20251
20252
20253
20256
20261
20263
20264
20268
20269
20279
20280
20281
20283
20289
20292
20295
20296
20300
20303
20306
20307
20308
20314
20316
20320
20326
20329
20335
20336
20342
20348
20352
20353
20355
20362
20363
20367
20368
20371
20372
20381
20382
20383
20388
20394
20395
20396
20398
20400
20405
20407
20410
20412
20414
20416
20417
20423
20430
20431
20436
20439
20440
20441
20443
20445
20446
20449
20451
20455
20458
20459
20470
20474
20475
20477
20478
20480
20481
20482
20483
20484
20494
20501
20505
20508
20512
20519
20522
20524
20527
20530
20533
20542
20543
20544
20545
20548
20554
20557
20560
20562
20568
20571
20574
20575
20577
20578
20580
20582
20583
20584
20587
20603
20604
20608
20611
20615
20619
20625
20633
20637
20638
20639
20643
20645
20646
20649
20650
20652
20656
20657
20659
20662
20663
20664
20666
20667
20671
20672
20673
20674
20677
20679
20685
20688
20689
20691
20693
20696
20698
20699
20700
20701
20702
20704
20707
20710
20712
20713
20714
20717
20724
20731
20732
20734
20735
20739
20741
20748
20749
20750
20751
20752
20754
20763
20766
20767
20768
20771
20772
20776
20782
20784
20785
20787
20793
20797
20802
20804
20807
20811
20813
20816
20818
20823
20829
20833
20834
20836
20838
20842
20852
20853
20854
20863
20869
20871
20873
20880
20882
20888
20892
20898
20901
20907
20912
20913
20914
20915
20916
20918
20919
20923
20928
20929
20933
20936
20938
20943
20944
20947
20949
20952
20955
20963
20971
20973
20975
20978
20979
20980
20982
20986
20987
20988
20989
20992
20993
20995
20996
20998
21001
21004
21011
21014
21021
21026
21028
21032
21034
21042
21044
21046
21047
21048
21049
21051
21052
21059
21060
21062
21064
21066
21070
21072
21073
21076
21077
21081
21083
21089
21091
21095
21096
21097
21098
21101
21103
21104
21108
21110
21114
21119
21120
21127
21129
21130
21131
21133
21135
21138
21143
21146
21148
21149
21150
21154
21155
21156
21160
21170
21171
21172
21174
21180
21190
21194
21195
21196
21201
21203
21204
21207
21208
21210
21214
21233
21238
21240
21245
21246
21247
21248
21250
21251
21252
21253
21254
21257
21262
21263
21275
21276
21277
21280
21284
21289
21290
21292
21295
21297
21301
21302
21305
21309
21310
21311
21317
21320
21321
21323
21326
21329
21337
21345
21346
21350
21357
21375
21379
21383
21388
21396
21398
21401
21402
21403
21405
21409
21410
21414
21420
21421
21429
21433
21436
21437
21439
21441
21444
21445
21446
21447
21450
21456
21459
21461
21463
21467
21468
21469
21470
21471
21474
21476
21479
21480
21481
21483
21495
21496
21501
21503
21509
21515
21518
21527
21528
21536
21539
21541
21542
21543
21548
21551
21560
21563
21566
21567
21570
21586
21587
21594
21596
21597
21601
21606
21607
21608
21611
21612
21615
21617
21619
21625
21626
21628
21632
21634
21635
21639
21647
21649
21651
21652
21654
21655
21662
21664
21665
21666
21670
21674
21677
21678
21680
21681
21683
21684
21686
21687
21693
21700
21705
21707
21708
21716
21717
21719
21721
21725
21728
21731
21737
21738
21742
21744
21747
21748
21751
21755
21757
21758
21762
21763
21765
21773
21776
21780
21781
21783
21791
21805
21809
21810
21817
21823
21825
21826
21828
21830
21831
21837
21841
21842
21844
21846
21847
21849
21850
21851
21854
21856
21857
21865
21866
21870
21871
21872
21873
21878
21882
21883
21884
21885
21890
21891
21898
21900
21901
21906
21908
21910
21914
21916
21917
21918
21923
21925
21929
21930
21931
21932
21936
21937
21938
21940
21945
21948
21958
21962
21968
21972
21978
21985
21991
21997
22000
22003
22005
22009
22010
22012
22014
22021
22024
22035
22036
22038
22041
22043
22044
22048
22049
22052
22053
22055
22063
22071
22074
22077
22078
22084
22086
22089
22092
22093
22095
22102
22106
22110
22112
22114
22118
22126
22131
22132
22133
22135
22140
22144
22149
22151
22152
22155
22160
22169
22174
22178
22179
22180
22182
22183
22185
22186
22188
22191
22193
22194
22196
22200
22203
22213
22215
22222
22223
22224
22225
22229
22232
22240
22244
22247
22251
22258
22259
22266
22274
22277
22280
22281
22284
22291
22297
22299
22301
22304
22305
22306
22307
22308
22309
22313
22314
22319
22323
22325
22326
22336
22342
22343
22344
22345
22346
22349
22353
22354
22355
22357
22362
22363
22365
22367
22369
22370
22374
22375
22376
22377
22378
22386
22387
22398
22399
22403
22410
22412
22414
22418
22426
22438
22447
22448
22457
22463
22467
22469
22471
22472
22478
22479
22483
22487
22488
22492
22496
22498
22501
22504
22506
22507
22508
22509
22513
22524
22530
22531
22534
22535
22540
22541
22544
22547
22548
22552
22559
22561
22562
22565
22568
22569
22570
22573
22575
22577
22578
22580
22583
22585
22588
22590
22600
22602
22608
22609
22610
22616
22626
22627
22628
22638
22643
22649
22650
22653
22654
22655
22658
22660
22663
22669
22672
22677
22687
22697
22698
22700
22704
22710
22712
22716
22719
22722
22725
22729
22731
22733
22735
22736
22739
22740
22741
22745
22748
22749
22751
22755
22760
22777
22784
22786
22789
22791
22794
22800
22801
22804
22805
22806
22807
22808
22811
22823
22825
22828
22831
22835
22837
22839
22840
22842
22848
22849
22850
22853
22855
22858
22859
22861
22864
22867
22868
22871
22873
22874
22876
22877
22880
22883
22884
22886
22890
22891
22894
22895
22897
22898
22908
22919
22921
22925
22931
22938
22939
22949
22950
22955
22965
22969
22970
22971
22984
22985
22990
22991
22992
22993
22995
22997
23004
23005
23011
23015
23017
23021
23023
23025
23026
23028
23030
23035
23036
23037
23041
23045
23046
23047
23049
23057
23061
23064
23067
23069
23072
23074
23075
23076
23085
23087
23091
23093
23094
23099
23102
23103
23108
23116
23123
23124
23126
23130
23132
23134
23135
23145
23146
23147
23149
23164
23166
23172
23173
23179
23182
23184
23188
23195
23198
23202
23205
23208
23210
23211
23218
23219
23222
23224
23225
23235
23236
23244
23246
23250
23251
23258
23261
23262
23265
23270
23275
23276
23282
23288
23290
23299
23301
23303
23314
23318
23323
23325
23326
23328
23332
23338
23340
23341
23343
23345
23348
23354
23356
23357
23358
23360
23363
23367
23371
23372
23380
23381
23384
23387
23407
23410
23414
23415
23420
23425
23426
23427
23428
23430
23431
23432
23434
23443
23444
23445
23447
23448
23449
23451
23454
23456
23457
23461
23468
23471
23475
23482
23489
23498
23499
23503
23506
23507
23510
23511
23512
23518
23525
23529
23530
23531
23535
23536
23539
23542
23550
23553
23557
23558
23559
23560
23564
23568
23570
23571
23578
23580
23581
23585
23588
23589
23590
23593
23594
23595
23596
23601
23602
23603
23604
23606
23607
23608
23609
23610
23613
23615
23616
23617
23620
23631
23632
23638
23644
23647
23649
23653
23654
23657
23659
23662
23665
23670
23672
23673
23674
23681
23683
23685
23689
23692
23696
23697
23699
23703
23712
23714
23715
23718
23722
23726
23728
23734
23735
23753
23754
23760
23762
23763
23766
23767
23772
23773
23776
23780
23783
23787
23788
23789
23795
23796
23808
23810
23812
23815
23820
23821
23825
23826
23827
23830
23835
23836
23838
23839
23841
23845
23846
23853
23856
23858
23859
23860
23863
23865
23868
23877
23878
23881
23882
23884
23889
23893
23894
23896
23897
23900
23901
23902
23904
23906
23909
23912
23916
23917
23920
23924
23928
23933
23934
23936
23937
23940
23946
23947
23948
23950
23957
23959
23960
23961
23962
23965
23969
23971
23973
23974
23976
23979
23984
23991
23996
24001
24003
24011
24014
24018
24026
24027
24033
24035
24039
24044
24049
24053
24060
24062
24063
24067
24068
24069
24070
24074
24077
24078
24083
24085
24086
24091
24096
24097
24104
24112
24115
24116
24120
24123
24128
24129
24133
24136
24139
24141
24142
24144
24151
24152
24157
24159
24162
24163
24164
24171
24172
24173
24179
24184
24185
24187
24190
24194
24196
24197
24199
24201
24202
24208
24209
24210
24211
24214
24215
24224
24230
24234
24235
24236
24237
24242
24251
24252
24254
24257
24261
24262
24272
24275
24280
24293
24294
24299
24303
24308
24314
24315
24325
24328
24329
24331
24332
24337
24338
24347
24351
24359
24361
24362
24363
24367
24377
24379
24381
24382
24390
24400
24401
24402
24405
24406
24407
24409
24410
24414
24416
24420
24423
24428
24431
24435
24436
24439
24442
24444
24448
24452
24453
24456
24457
24468
24469
24474
24475
24477
24479
24480
24485
24487
24492
24495
24499
24503
24511
24512
24514
24516
24517
24522
24524
24526
24529
24531
24538
24540
24541
24543
24544
24545
24546
24547
24549
24550
24551
24557
24558
24561
24562
24565
24581
24583
24586
24587
24589
24594
24596
24602
24604
24611
24616
24618
24621
24626
24632
24639
24640
24641
24645
24653
24657
24659
24662
24663
24675
24677
24681
24683
24687
24688
24691
24694
24696
24703
24705
24710
24712
24721
24725
24727
24739
24743
24746
24757
24758
24759
24761
24765
24770
24771
24778
24784
24791
24801
24811
24812
24816
24817
24820
24823
24827
24828
24831
24834
24838
24839
24840
24841
24844
24845
24848
24851
24852
24853
24863
24870
24873
24874
24876
24880
24885
24886
24887
24889
24890
24892
24900
24901
24903
24909
24910
24914
24915
24917
24918
24922
24925
24928
24938
24944
24948
24949
24953
24958
24964
24965
24967
24970
24978
24979
24984
24985
24991
24992
24994
24998
25001
25005
25007
25011
25012
25013
25015
25018
25027
25034
25040
25042
25043
25045
25050
25051
25055
25057
25062
25063
25064
25067
25069
25072
25073
25077
25078
25085
25088
25091
25094
25102
25103
25105
25109
25110
25111
25112
25122
25123
25124
25128
25134
25136
25141
25144
25145
25151
25156
25159
25160
25161
25167
25179
25180
25184
25187
25188
25191
25193
25194
25198
25199
25200
25204
25206
25209
25215
25216
25220
25221
25230
25231
25235
25236
25237
25238
25243
25250
25252
25253
25255
25256
25258
25259
25263
25266
25269
25279
25281
25282
25287
25288
25289
25291
25293
25297
25301
25306
25309
25311
25323
25326
25327
25328
25329
25334
25338
25340
25344
25346
25347
25349
25350
25360
25361
25364
25365
25377
25378
25379
25381
25382
25385
25393
25394
25399
25400
25406
25409
25414
25423
25424
25429
25431
25432
25443
25447
25452
25455
25458
25459
25460
25462
25463
25465
25467
25473
25474
25475
25477
25482
25488
25489
25490
25491
25501
25502
25503
25518
25520
25526
25528
25532
25539
25540
25546
25548
25552
25559
25562
25563
25565
25568
25570
25573
25587
25594
25600
25605
25606
25619
25620
25622
25627
25629
25630
25635
25642
25644
25646
25648
25651
25652
25658
25663
25666
25667
25669
25677
25685
25686
25691
25697
25705
25706
25707
25709
25714
25718
25719
25732
25733
25739
25743
25744
25751
25752
25756
25759
25760
25768
25769
25771
25772
25776
25777
25783
25792
25793
25795
25800
25803
25804
25807
25811
25818
25819
25820
25827
25829
25832
25834
25836
25838
25839
25842
25845
25853
25859
25860
25863
25864
25867
25876
25879
25885
25886
25887
25888
25889
25894
25897
25899
25908
25909
25917
25918
25925
25926
25928
25930
25940
25949
25955
25957
25959
25963
25965
25966
25967
25968
25970
25978
25979
25984
25985
25988
25989
25990
25991
25994
25995
25997
26000
26002
26004
26007
26009
26010
26011
26028
26033
26036
26037
26043
26045
26046
26047
26052
26053
26054
26056
26057
26059
26065
26069
26072
26074
26075
26077
26078
26081
26082
26083
26087
26088
26090
26091
26094
26095
26096
26105
26109
26111
26114
26116
26117
26122
26126
26128
26131
26134
26137
26140
26143
26145
26150
26151
26152
26154
26155
26159
26165
26166
26167
26172
26174
26176
26187
26189
26190
26197
26202
26203
26208
26212
26214
26222
26230
26233
26237
26238
26240
26242
26244
26247
26251
26259
26268
26271
26288
26290
26291
26292
26295
26298
26299
26302
26303
26304
26306
26312
26318
26321
26324
26327
26337
26339
26346
26347
26348
26349
26351
26353
26360
26369
26380
26381
26384
26388
26391
26392
26393
26398
26399
26401
26403
26406
26410
26414
26417
26418
26421
26424
26427
26436
26439
26443
26444
26446
26457
26459
26460
26461
26464
26467
26469
26470
26473
26477
26481
26489
26500
26501
26502
26504
26507
26509
26512
26514
26516
26518
26519
26525
26527
26539
26541
26544
26563
26568
26571
26573
26575
26578
26583
26587
26591
26595
26603
26605
26608
26610
26618
26619
26629
26630
26633
26643
26645
26652
26659
26660
26668
26669
26670
26672
26677
26679
26680
26681
26683
26688
26689
26694
26699
26705
26710
26711
26717
26721
26727
26728
26729
26730
26733
26734
26737
26741
26744
26747
26748
26750
26751
26760
26762
26765
26766
26773
26775
26776
26778
26779
26780
26781
26782
26784
26788
26793
26794
26795
26796
26797
26798
26803
26807
26810
26813
26819
26823
26827
26829
26835
26837
26838
26841
26845
26847
26851
26852
26854
26855
26856
26860
26873
26881
26884
26887
26893
26894
26898
26902
26909
26911
26912
26914
26917
26919
26925
26927
26928
26935
26942
26944
26945
26950
26958
26961
26962
26964
26971
26972
26985
26986
26991
26999
27008
27009
27024
27029
27030
27033
27037
27042
27043
27044
27046
27049
27056
27063
27071
27072
27073
27075
27077
27078
27089
27090
27091
27093
27096
27099
27101
27112
27113
27114
27115
27116
27119
27120
27121
27122
27134
27139
27154
27165
27166
27169
27175
27177
27188
27190
27191
27192
27193
27202
27203
27209
27217
27220
27225
27229
27230
27233
27234
27235
27237
27241
27247
27249
27254
27257
27263
27264
27265
27266
27268
27271
27273
27277
27279
27286
27292
27295
27297
27303
27304
27305
27306
27310
27312
27313
27314
27317
27319
27321
27327
27330
27331
27335
27344
27348
27350
27351
27352
27354
27355
27357
27359
27362
27365
27366
27367
27369
27371
27374
27377
27384
27387
27390
27391
27392
27399
27410
27412
27416
27419
27421
27422
27424
27428
27434
27439
27445
27448
27452
27461
27464
27471
27474
27477
27478
27481
27482
27484
27485
27486
27490
27492
27494
27497
27500
27504
27508
27511
27512
27521
27527
27535
27540
27541
27544
27546
27549
27556
27557
27571
27574
27576
27582
27583
27584
27585
27587
27588
27589
27591
27593
27596
27598
27601
27613
27615
27616
27618
27619
27621
27623
27631
27632
27635
27643
27646
27653
27655
27657
27662
27669
27670
27671
27674
27676
27679
27680
27681
27685
27688
27697
27698
27699
27701
27704
27706
27708
27711
27715
27723
27725
27730
27731
27732
27736
27738
27739
27742
27746
27750
27757
27758
27760
27761
27762
27768
27777
27780
27783
27788
27790
27801
27805
27807
27808
27813
27822
27826
27827
27829
27832
27833
27839
27853
27854
27855
27856
27860
27864
27865
27867
27874
27875
27881
27885
27887
27891
27893
27897
27899
27903
27905
27911
27913
27922
27924
27929
27932
27934
27935
27939
27942
27949
27954
27958
27969
27975
27979
27980
27986
27992
27998
27999
28000
28008
28009
28010
28011
28015
28018
28021
28024
28026
28027
28031
28035
28044
28046
28047
28052
28055
28060
28064
28068
28071
28074
28075
28077
28078
28080
28083
28085
28087
28093
28097
28104
28107
28113
28118
28119
28123
28130
28131
28132
28134
28150
28154
28166
28168
28172
28176
28180
28181
28182
28186
28191
28193
28194
28195
28199
28202
28203
28209
28213
28217
28218
28219
28223
28226
28231
28233
28235
28240
28243
28246
28248
28249
28254
28255
28258
28262
28267
28269
28271
28275
28277
28279
28283
28284
28288
28291
28298
28299
28300
28301
28302
28304
28305
28307
28318
28326
28330
28332
28333
28334
28336
28337
28340
28341
28344
28345
28350
28351
28353
28356
28363
28364
28366
28370
28371
28372
28376
28377
28381
28390
28396
28399
28403
28405
28406
28407
28408
28410
28412
28416
28418
28421
28424
28431
28432
28433
28435
28438
28441
28446
28459
28461
28470
28474
28481
28484
28487
28494
28496
28497
28505
28510
28513
28515
28519
28522
28524
28527
28530
28532
28536
28538
28545
28561
28562
28564
28573
28574
28575
28580
28593
28594
28599
28600
28604
28607
28609
28612
28615
28623
28624
28626
28629
28630
28631
28632
28637
28638
28640
28642
28643
28644
28645
28648
28649
28650
28655
28657
28660
28663
28670
28673
28676
28680
28682
28684
28698
28699
28700
28701
28702
28704
28709
28710
28712
28713
28715
28717
28721
28725
28730
28733
28734
28739
28742
28755
28758
28760
28761
28763
28764
28765
28768
28773
28776
28780
28782
28786
28788
28795
28797
28800
28804
28805
28806
28818
28821
28826
28830
28838
28839
28840
28842
28846
28850
28853
28854
28855
28862
28864
28872
28874
28875
28876
28877
28879
28884
28885
28886
28890
28893
28894
28898
28916
28918
28919
28920
28923
28926
28927
28928
28933
28942
28944
28949
28952
28953
28954
28956
28957
28960
28965
28970
28975
28977
28984
28985
28987
28988
28992
28994
28997
29001
29010
29011
29015
29016
29023
29031
29032
29033
29046
29049
29051
29053
29055
29059
29061
29069
29071
29072
29074
29075
29088
29096
29105
29107
29120
29127
29136
29138
29140
29143
29146
29148
29149
29150
29152
29157
29160
29162
29164
29165
29167
29176
29178
29179
29180
29184
29190
29191
29197
29198
29200
29203
29205
29207
29216
29218
29221
29222
29233
29239
29248
29250
29253
29263
29265
29266
29269
29270
29274
29282
29286
29287
29289
29290
29291
29292
29293
29295
29297
29301
29302
29303
29304
29308
29309
29313
29321
29325
29330
29334
29336
29338
29343
29349
29351
29353
29355
29359
29367
29368
29370
29376
29380
29382
29385
29386
29391
29392
29398
29401
29403
29404
29405
29409
29412
29413
29418
29420
29421
29423
29424
29428
29429
29435
29438
29440
29442
29443
29446
29447
29449
29453
29455
29457
29461
29462
29463
29464
29470
29471
29477
29479
29482
29485
29486
29488
29490
29491
29492
29497
29498
29501
29503
29511
29516
29523
29531
29533
29537
29539
29540
29542
29543
29545
29546
29550
29551
29555
29561
29562
29564
29569
29570
29573
29577
29579
29581
29583
29584
29585
29587
29589
29592
29594
29602
29605
29606
29613
29619
29624
29625
29626
29627
29629
29630
29642
29644
29648
29652
29658
29659
29662
29663
29668
29669
29675
29676
29686
29689
29691
29712
29713
29715
29719
29726
29727
29733
29739
29741
29742
29745
29746
29750
29751
29752
29757
29759
29760
29766
29770
29771
29774
29775
29778
29792
29797
29803
29804
29805
29809
29810
29811
29816
29817
29820
29822
29824
29826
29830
29833
29841
29846
29851
29852
29854
29855
29856
29863
29865
29866
29868
29875
29879
29880
29881
29882
29883
29888
29900
29907
29910
29911
29914
29918
29920
29921
29922
29924
29926
29931
29933
29935
29936
29939
29943
29944
29945
29946
29948
29954
29962
29965
29968
29969
29984
29985
29988
29990
29991
29993
29995
30001
30002
30005
30006
30012
30019
30024
30025
30027
30029
30032
30033
30041
30042
30043
30046
30047
30049
30052
30054
30056
30059
30061
30064
30067
30069
30071
30074
30077
30078
30079
30081
30083
30084
30092
30095
30096
30101
30109
30112
30126
30128
30130
30131
30132
30136
30139
30140
30141
30151
30152
30154
30155
30159
30160
30163
30164
30166
30167
30169
30170
30171
30173
30176
30177
30178
30184
30185
30190
30191
30193
30197
30207
30212
30218
30219
30221
30222
30223
30225
30229
30236
30239
30256
30260
30264
30266
30267
30272
30275
30280
30285
30287
30296
30297
30298
30301
30304
30305
30306
30308
30310
30312
30318
30326
30327
30330
30335
30339
30342
30346
30348
30352
30353
30354
30355
30361
30366
30367
30369
30370
30372
30374
30376
30377
30382
30386
30387
30389
30391
30392
30401
30402
30403
30405
30406
30407
30412
30414
30416
30423
30425
30427
30428
30430
30437
30438
30443
30445
30453
30458
30462
30463
30467
30470
30473
30477
30480
30483
30489
30493
30495
30504
30505
30508
30513
30517
30523
30524
30525
30526
30527
30545
30549
30551
30552
30553
30560
30562
30566
30571
30573
30575
30579
30582
30586
30588
30589
30591
30592
30594
30598
30599
30605
30607
30612
30619
30620
30622
30624
30631
30633
30634
30640
30641
30645
30646
30651
30655
30656
30660
30667
30669
30670
30672
30673
30677
30679
30682
30689
30692
30694
30696
30700
30703
30704
30705
30712
30716
30719
30720
30722
30726
30731
30735
30741
30743
30759
30761
30763
30764
30765
30767
30770
30779
30781
30786
30790
30793
30797
30804
30805
30809
30813
30815
30817
30818
30821
30822
30825
30827
30831
30833
30843
30844
30851
30860
30863
30869
30873
30876
30877
30879
30885
30888
30890
30891
30894
30896
30897
30899
30902
30906
30909
30912
30914
30917
30919
30920
30922
30927
30929
30934
30935
30938
30940
30941
30942
30944
30945
30947
30951
30959
30965
30969
30970
30971
30975
30976
30978
30985
30986
30988
30989
30993
30996
30998
31002
31007
31009
31010
31015
31017
31018
31025
31026
31033
31035
31038
31042
31046
31047
31048
31052
31056
31057
31059
31065
31073
31075
31077
31080
31087
31090
31092
31095
31098
31100
31101
31103
31106
31114
31115
31116
31117
31118
31119
31122
31125
31130
31133
31137
31140
31152
31155
31159
31160
31163
31167
31170
31171
31178
31183
31186
31188
31190
31193
31199
31209
31216
31219
31221
31226
31227
31228
31230
31232
31237
31238
31245
31246
31251
31252
31253
31256
31257
31259
31260
31262
31263
31265
31266
31269
31273
31275
31280
31286
31290
31300
31301
31302
31308
31309
31318
31322
31325
31327
31328
31335
31343
31352
31354
31358
31359
31361
31362
31363
31364
31367
31370
31376
31378
31382
31383
31387
31389
31398
31399
31400
31402
31407
31408
31410
31412
31413
31416
31419
31429
31441
31442
31444
31450
31454
31463
31464
31468
31472
31476
31478
31479
31508
31510
31511
31512
31515
31516
31517
31518
31520
31522
31526
31528
31530
31531
31534
31538
31539
31541
31542
31550
31552
31553
31554
31557
31565
31566
31571
31572
31573
31574
31575
31576
31577
31583
31584
31595
31601
31602
31604
31612
31613
31615
31617
31630
31631
31635
31637
31638
31640
31641
31646
31649
31653
31655
31656
31663
31667
31671
31674
31676
31683
31686
31688
31690
31691
31695
31700
31709
31710
31719
31721
31722
31726
31728
31729
31734
31738
31743
31748
31750
31752
31758
31760
31766
31770
31775
31776
31781
31793
31797
31798
31801
31806
31810
31813
31816
31843
31845
31848
31849
31851
31856
31858
31860
31861
31862
31864
31872
31875
31876
31877
31882
31883
31886
31888
31890
31891
31893
31896
31899
31901
31906
31908
31912
31922
31925
31928
31930
31935
31936
31940
31947
31948
31950
31951
31953
31954
31959
31960
31961
31962
31966
31970
31972
31976
31979
31987
31989
31998
32001
32002
32003
32004
32007
32009
32015
32017
32019
32020
32021
32028
32033
32034
32035
32037
32040
32041
32044
32045
32046
32048
32052
32065
32067
32068
32070
32073
32077
32078
32080
32087
32088
32090
32093
32102
32103
32104
32115
32118
32119
32120
32132
32134
32137
32141
32145
32146
32147
32149
32153
32168
32188
32189
32194
32196
32197
32200
32204
32209
32210
32212
32216
32221
32223
32226
32228
32229
32232
32233
32235
32242
32248
32249
32250
32253
32255
32258
32261
32263
32264
32270
32271
32273
32278
32283
32289
32290
32292
32294
32296
32297
32298
32301
32302
32306
32309
32311
32313
32317
32321
32324
32325
32328
32336
32337
32342
32348
32354
32355
32356
32358
32359
32365
32367
32369
32371
32374
32375
32381
32384
32385
32394
32395
32398
32400
32406
32412
32413
32418
32421
32423
32426
32430
32431
32444
32445
32446
32450
32451
32454
32457
32459
32460
32464
32470
32471
32475
32477
32479
32482
32489
32493
32496
32501
32506
32508
32509
32510
32511
32514
32516
32518
32532
32537
32539
32541
32542
32544
32548
32549
32551
32556
32565
32566
32569
32572
32575
32576
32579
32582
32583
32586
32587
32590
32591
32594
32597
32598
32599
32600
32603
32608
32609
32610
32614
32615
32621
32623
32626
32627
32632
32635
32638
32647
32657
32660
32661
32663
32667
32669
32672
32673
32676
32677
32678
32684
32689
32691
32694
32700
32704
32707
32708
32711
32716
32719
32720
32724
32726
32729
32730
32731
32736
32741
32744
32745
32746
32750
32751
32758
32761
32762
32764
