19060
18528
26657
188
16900
17617
28846
30653
3148
13402
8748
8500
6997
5427
17673
6820
29225
2953
9419
6481
27019
25449
6749
6984
11493
27104
4262
10655
898
24929
14176
4094
14845
5478
22568
11615
16378
20826
465
16913
19987
16055
32254
24323
10262
28268
17648
23103
20333
4481
25500
27829
14813
9469
2049
23866
24692
5384
10168
23760
15036
6989
29901
30760
31285
23714
5325
16997
6658
2539
20000
7459
5859
2107
8089
16824
25443
25661
30284
28601
27731
5331
30112
25793
16758
20732
1445
365
13950
31995
7079
16299
4151
29366
28931
24117
4611
10588
7225
25944
32646
74
16451
26874
26274
12592
17957
11227
17830
11631
21702
2075
25026
27334
31486
16637
25023
25390
16368
8682
236
19458
3482
3769
28252
18531
10666
26925
11342
6875
12435
28607
1005
6720
18145
31134
24890
28124
29897
13301
11078
21706
24581
17516
27812
31907
22495
29937
24606
11099
26507
19640
13735
16485
25273
14976
9105
20766
8299
13337
6144
25704
22532
28451
7839
4501
21666
5912
20113
1672
29358
9357
21675
14614
7090
14772
28128
18354
13418
10278
26108
19786
12573
991
28310
11372
17453
26506
25151
5549
23278
19968
18432
19787
23732
9483
11012
29713
24624
32111
6801
22395
19196
31787
26173
3355
3956
28924
27230
23867
31944
13859
194
16580
21839
15720
27040
30303
7966
28255
16591
29401
25306
14826
21302
12492
19658
1791
26756
9084
25648
23723
21793
20735
19674
27991
26724
22433
18164
26443
2822
25222
24864
11888
8662
20881
4297
25434
2223
6277
9395
23429
14759
6506
17879
28383
29834
32307
31343
16007
31367
21917
24397
22741
12840
30554
2928
24218
18312
29551
20953
3497
7360
4315
21915
21654
7842
8057
9266
21437
20906
8487
18965
28550
11057
3624
5519
22504
2788
14535
31690
10540
26741
5181
21549
2548
2448
25301
24039
27259
21521
3918
17356
18718
4212
13697
4705
8220
12428
7748
21554
24730
28280
12941
18540
7914
22484
10715
26535
21516
6444
30673
11012
22645
7606
15652
18808
31760
22336
16312
24423
24451
16999
11782
13429
29363
31498
12737
5017
15498
29950
5561
26995
20472
11523
767
7391
4663
26103
6474
21962
13908
17994
26265
9796
4587
27058
538
18903
12082
15136
20043
28439
16440
10994
9823
16251
22383
5482
31459
6507
2409
27999
8609
12442
23519
32562
23749
2198
9719
24580
23870
32158
17862
23846
17511
20403
20244
32721
26855
25585
5984
31000
25302
12320
17188
2586
8993
1159
14427
15484
6703
10240
6719
32535
12740
31314
12887
31469
7718
4282
27313
13410
19071
203
15725
19625
25731
19833
15739
30588
19282
10864
7332
30992
26016
2474
21199
16456
8979
10048
19069
28969
11500
1920
13975
29582
2538
6977
30057
23068
14699
32371
9454
13689
2517
1274
19534
10169
11828
2493
16037
19481
22309
13305
6918
18160
21234
9948
3520
4578
30974
20303
14047
22615
25700
17427
23030
30763
16859
27663
15132
31400
13533
24296
19765
6577
6152
13267
5491
9535
7364
12967
26652
23826
3622
6967
25229
4768
15124
30430
18047
10066
19370
10331
6793
15087
1501
11743
13286
7768
17758
18789
3449
24183
10945
834
4110
31602
17887
15101
12259
8228
16249
14944
871
28109
17950
32463
14145
12296
16974
11481
916
3326
5599
25101
1665
1498
27296
22799
10222
23421
21565
5099
27270
11122
18786
168
19969
22820
14371
19489
9894
5966
14748
22288
3598
9652
10452
364
20778
5905
8424
16373
32648
13136
9829
12301
32721
18942
32757
7625
19863
2304
574
12360
17485
11137
21255
12355
7063
5423
26524
7398
30917
11687
17012
734
14745
4141
13330
18868
23633
25505
9001
27481
10465
28334
8195
18946
32641
15429
18211
6197
28775
25674
14122
1828
214
19597
7671
12091
16727
30203
8466
26357
6471
10774
9547
31731
27537
7330
14750
591
30909
21921
10586
11822
8746
30594
31107
27540
29335
13718
21876
10365
4072
3779
11976
1321
31271
8316
5243
24247
15306
9712
1357
26613
28468
30594
16743
17527
15742
7802
24385
23014
14966
20730
10179
19355
16872
27187
32171
21612
14877
13016
21550
29382
24482
3539
30946
6909
32330
23864
13531
25567
15222
13175
2324
24975
21908
9429
2577
8849
31974
19741
7875
801
10629
23954
9900
19145
4773
18217
19268
18482
11034
21749
154
24379
18204
19171
31038
15688
20295
23719
4447
10204
9445
4342
30001
6507
7024
25846
1681
8297
11091
17395
17900
13479
16881
10067
16989
30431
21224
29388
21781
3726
3735
24788
11264
6657
25054
4953
26534
25779
8996
7347
20559
22486
4255
5335
26218
22832
975
3789
21039
3112
32332
612
30340
10529
29634
32292
11037
24326
30010
13700
25064
29478
8603
16221
15272
4931
32624
6303
20447
3557
9195
16195
11250
25844
19242
31104
19848
28294
17850
7490
7219
30710
24410
27608
9810
7990
8961
21996
9526
22118
8226
15289
3203
17829
5422
32120
10457
32551
9051
28699
4532
14727
28580
2622
29329
1119
21776
23899
28499
11031
3128
12093
10212
14842
27651
18359
7967
22927
10165
18069
2286
29734
11816
5587
17327
22961
3672
19469
221
21973
1318
4919
24812
27713
6229
26510
1652
12095
25305
17102
25746
25736
30289
1958
19596
27741
30162
16745
32435
7891
19942
3078
17038
4975
11732
14394
18996
1778
9762
4
25850
21366
4185
24410
17742
11962
9224
25882
24035
8891
23819
4163
6671
29828
5901
3429
30065
27974
588
26710
14038
14763
21916
1575
21085
21352
25007
31574
14042
10514
27027
4677
2681
30770
25724
5611
6820
3483
3268
13514
806
24571
24624
4129
20624
14513
30069
19298
8667
24286
19195
12262
3408
30911
29408
14560
19621
5946
16448
7056
29801
8118
22964
8121
15010
2096
21784
23636
4276
6539
16530
11398
5252
11304
15567
28880
7390
4791
3216
28806
25876
10061
15718
28546
7144
11958
19897
19481
22956
1548
29711
14670
16808
20104
27531
26950
21180
2969
27060
15356
11079
26419
8569
17974
17479
4202
30577
17592
26561
26687
19303
20407
26211
28858
31509
25232
20584
12857
560
3002
13756
2823
23461
22777
12640
7472
2083
21461
17425
20116
24025
8779
16932
3899
1409
8130
22709
23016
18589
577
28160
8945
5376
24542
24847
10573
22929
10362
27798
24047
8268
26539
12571
21842
2441
25338
10841
30550
3201
26703
5095
24906
8462
24745
277
11850
14002
31506
11287
6603
7387
979
16485
12404
16485
15332
9313
816
25185
17574
1594
4225
11285
29652
12305
22551
17475
9143
26459
19617
18863
21402
23431
6115
22235
11390
26592
25864
29461
15887
11444
9530
5299
2006
17334
625
6302
8879
5025
29832
21261
7806
1822
11414
7571
26654
10984
19067
1628
19354
30510
4281
1204
26272
18489
2694
22216
7986
19022
22559
27825
29343
23766
5470
1198
12466
12476
3727
23729
30505
9751
14208
7454
360
11529
6359
24783
8303
11750
10152
32347
28426
15513
15175
30360
5703
6980
5467
11358
13869
20519
12340
18830
18091
21187
18271
30035
1231
5183
20087
16296
16441
26378
19005
26139
7374
2498
16363
21968
7345
22869
11974
3784
1647
28262
18419
19555
31609
10738
22667
5924
21208
30003
6642
9141
3100
14532
23652
9003
28309
20231
16336
26762
10438
30148
28394
1932
1047
786
4220
20638
202
24955
25340
20012
28208
5979
13924
10014
21277
23945
14398
2723
15001
2361
17918
2349
14552
19745
14741
32445
15469
5595
25667
29280
32698
1419
11181
3833
11947
21185
32047
6466
5284
3745
2931
1806
26295
5697
2627
7121
32283
13138
23707
11873
5849
12291
26883
31742
26313
25122
2075
11409
8381
29060
16760
27697
14332
23976
19118
15851
30706
1687
31918
27587
17445
15630
13139
14326
5227
7647
19255
13186
347
15509
12747
24040
29953
24919
15271
29233
21462
24079
13598
1327
12782
16075
24854
22789
26740
22883
23062
2538
8020
92
2465
30761
7991
23820
10691
4972
32692
13567
1257
27451
1476
7834
26614
10432
18039
26878
31378
21965
25062
15151
29125
5408
27241
11894
20678
12261
19466
26627
11277
7292
18489
30167
8879
25213
22977
29409
491
32761
5370
13927
18176
13315
22592
4776
29506
21103
24741
26304
26221
1242
5859
1995
13113
7403
10389
17741
8751
23511
16806
3282
22202
21291
31241
28881
19073
17094
19370
5846
4852
6180
9381
20704
9509
29411
27063
26120
3034
21119
31985
20068
17376
20833
7348
26155
12962
4376
11993
23578
27386
15334
19504
24342
13382
16254
8236
20242
1983
9484
28892
30003
30726
10870
25373
1842
14080
225
20239
31235
11748
21624
14533
26548
23442
360
16705
3223
27943
6703
9119
8099
17614
8983
4752
2584
25305
9981
2570
16994
25872
2391
26942
20032
4168
14710
26827
12325
6200
11016
16689
17375
6537
14304
5512
20086
31276
20218
30322
17751
9200
5305
4430
4273
19796
22644
24494
19744
17561
817
27403
20617
28956
25520
30904
30277
32483
31660
12821
30337
26742
12893
7429
19684
21232
4161
30882
29299
28757
26652
21039
28338
23590
4414
26189
1036
9779
5892
8818
31605
32689
417
23192
21326
16012
7198
1842
21897
11007
23456
8036
22797
19297
19434
25459
12892
8770
9506
11131
6003
4790
28376
3680
31474
24305
21572
29958
8828
29972
3535
28101
31841
32327
982
21527
30842
25608
3754
8340
26709
16322
30683
29985
10898
26786
8374
14692
9613
5030
29196
23419
21822
14839
31029
2285
28765
14712
22101
29664
26825
25503
24542
30861
19242
28292
8022
14066
16853
31799
2907
29894
16113
11351
8932
23474
4568
27616
19913
26558
27584
30533
9862
6666
6043
17087
4412
17342
26940
15588
17400
32067
10170
8059
9272
7604
30489
17039
7595
18063
1319
9666
22073
22449
32165
9188
25411
24449
2471
1220
25644
23403
24126
24902
9752
23696
7763
3510
13555
25787
5078
32348
32182
3991
1049
23121
26085
23584
9078
12433
31836
10840
27704
848
10060
16699
23737
7570
29569
28916
24775
26358
26854
9553
27212
10706
2122
31861
32046
32645
22116
13773
12917
22281
6165
3397
30380
18888
9198
22203
1929
12977
27890
28083
29904
15242
10909
19789
10356
21640
16933
25717
14847
18973
21759
31322
4405
27921
6309
14113
7156
212
23447
9434
7007
25619
23455
15539
19516
10121
20826
21611
28313
1816
21748
10
28854
31000
51
15312
16671
18415
29111
29291
3097
27105
5504
13165
26687
2858
22192
11772
13933
32330
7826
17355
14557
1697
17628
18506
9616
12603
21809
16410
14320
12269
19946
13508
1459
27297
15382
28842
6914
15086
22719
14142
8667
1516
2928
19825
6324
10310
30195
26223
23649
26768
27999
18569
2359
25563
1107
15986
30578
10375
2684
10415
22228
29529
9565
17225
11663
17101
26191
29637
15973
13486
454
13141
6670
25059
3031
26960
24538
11404
24055
18912
29079
13390
2566
3323
7861
25834
32396
4500
2728
21269
16450
16658
21134
23428
23764
18177
13842
14406
31461
28935
18320
86
11091
19226
26490
17777
24509
19441
3834
17445
10819
9656
11736
23083
10893
3848
8095
14070
19471
6166
31739
31372
14731
24619
18022
13973
10711
16212
16643
1457
27104
14426
26314
11535
18415
18164
20710
31804
17451
24124
2907
24376
10848
11104
7404
22223
30974
28826
17980
19238
14693
3170
15411
27797
11615
226
24995
5812
30190
4010
17452
27065
5961
15781
24669
3585
32289
21323
28955
21996
27176
11545
20039
12782
25044
28734
7835
10979
4960
30616
24789
22179
18197
3294
4120
31447
18119
16927
26511
21003
24226
32619
2387
9988
23335
6352
3215
14931
10353
136
14050
9770
30397
26992
25860
13423
2089
28092
26285
23311
3004
3561
20914
21141
10663
7156
4209
31483
9418
26314
12144
703
13690
14847
11841
1082
386
1474
22441
3374
21863
17169
25857
17566
753
26665
28891
8930
2278
321
31977
28666
26649
16759
3867
31779
18851
8203
10760
18088
23153
21963
9359
1787
32767
20174
9406
19460
19042
25701
16882
9657
18316
29519
4672
3311
7116
8748
10004
32111
916
27700
15640
30285
8831
17449
9048
21621
17298
25482
7587
15239
28355
6666
17972
229
30647
12609
12946
19722
27088
14496
24500
26397
30055
19882
10601
24261
16982
13409
20727
2112
19386
21503
22274
32431
10487
27623
11440
8372
26620
5339
11
15167
23752
25199
10151
22181
2604
14526
29060
23027
2003
10843
22837
30849
2433
29323
26946
7626
27544
24497
19404
19322
26848
16905
20079
7625
23943
12953
23917
27144
15207
18021
14856
11129
5000
483
28719
12900
22758
8366
20317
18791
16500
1406
27327
17678
25184
26200
25749
12708
153
2306
2266
4936
5775
9146
31527
27715
5690
13863
31701
32152
30301
28304
2146
30173
30220
28492
23317
586
14700
2170
3557
30224
9146
14834
25752
31723
4750
4475
552
1531
24161
14654
3434
28624
17485
19066
2289
1732
7445
14458
25137
27789
1381
26564
31712
2066
23387
17812
14242
30846
13637
29576
17124
16019
13741
23453
11016
4162
24723
16474
31939
2680
22009
7499
29380
13626
5541
27569
30615
3572
12322
8056
32456
3086
2312
28777
31051
21441
3709
17313
26907
2857
2556
18754
22562
1435
28245
8808
13913
14648
18165
9055
25392
12994
11368
1555
26160
31663
25116
8391
6879
9852
360
29962
21476
30020
21964
10983
14699
20113
20091
19549
26315
29810
10518
21775
2918
12750
14779
27195
4817
29175
29758
20208
6198
30338
6838
26748
10486
8023
13628
26404
6802
30980
14063
26393
30667
1367
29756
7591
18696
29227
20060
26286
15353
12930
14365
18006
28282
11732
30694
13055
24762
31143
19189
15223
21148
20832
19948
23920
4189
16473
20108
8241
29304
12851
27328
18315
5318
23918
8413
13071
2282
15414
13608
15742
2028
1920
4249
12417
26404
26710
31966
8346
21594
21359
24995
17755
7467
17155
26385
8662
1454
17117
8596
4436
29272
690
10978
3146
26909
25265
19513
14728
11736
11867
7655
8116
32237
31125
16400
2807
12077
21500
4268
31478
13818
18040
719
11524
22187
20244
31533
5781
1586
20237
21981
25590
15867
7976
31069
20284
18200
15945
6871
25467
16540
20034
6050
56
25924
21225
2060
12576
21597
26477
28503
11770
25057
24042
11521
5850
12772
32058
4937
16535
9006
20751
18158
9600
19754
16446
19514
20043
5375
23902
25919
18254
7676
9618
9569
30194
6457
8611
24084
25188
14459
7506
18663
18829
18521
26860
4802
2885
13725
22814
11371
18627
493
30987
1103
18264
27563
8860
3456
27486
19737
28951
14330
24427
30401
16884
15914
15306
2324
14316
27569
16939
4433
29778
16741
409
28072
31398
6808
30381
15520
29288
14238
31745
23478
15146
20873
7912
14662
1769
6967
11356
32175
28317
21391
2616
20403
13583
19719
12456
14364
11243
3689
22493
26789
28438
28888
11781
27159
27201
24334
10618
30131
23743
6631
19257
32208
20371
9763
26007
10693
12750
18279
15151
18697
3864
11398
2591
409
5260
12543
22388
15770
22473
22471
3810
7232
5189
25416
19129
27118
21221
11945
22548
25503
12235
11344
19283
18820
12912
11685
14540
1262
27634
22553
26046
25967
20399
27496
1414
14652
31250
15642
22294
17622
22957
3408
13986
24042
28296
6333
30620
11637
5049
3059
6883
23851
1845
15328
13624
13338
9190
18328
6641
26251
510
1877
7665
7465
29066
27835
1751
30565
842
14433
31350
3352
5056
10382
646
13162
3207
1344
30872
2292
20454
11635
28240
3361
677
2463
26062
18138
10271
1923
28269
15970
17561
801
31152
20094
31186
16650
31865
4314
20955
24027
12412
27048
11305
22280
2548
30346
233
4312
13716
25778
28307
32177
12993
29255
17858
19094
24062
7947
1859
13550
32680
20540
2156
28039
13027
27576
12719
11482
14548
11876
2927
23697
3089
16845
3345
31302
18517
21776
25175
6030
14969
15608
6889
6966
11423
24423
30773
10188
17073
28151
19833
19297
31498
13280
9758
23694
10098
31517
9800
10421
29264
19658
22955
22409
17435
4305
25760
10193
7442
20677
19320
26985
14125
8718
17424
22665
1107
31559
17829
15945
23757
30948
19178
31333
29179
21784
31320
23102
22853
5878
10438
24866
17237
15574
27193
26061
13187
26106
9469
10544
19345
16241
23285
19057
32665
14396
7471
15410
17987
16560
23995
7958
6459
6427
5054
9601
23011
29610
26050
25760
28229
28042
20048
13994
10827
9038
28353
4709
22834
25745
1105
31723
31548
19164
13173
29358
2981
14282
7535
186
25305
32361
29727
20282
2276
15332
28
25662
3114
9055
19715
28091
12376
16675
28687
15827
2458
30971
7402
23639
22543
17373
31939
20875
14202
28877
31649
3625
30522
27903
32759
5288
11900
22332
16504
18365
24751
25222
11308
547
17976
19455
6340
23448
3431
26631
11051
16168
10154
2725
11869
13997
30465
20264
19580
3991
28594
782
24097
15593
574
14372
17392
6788
24979
16879
32367
30120
31107
8779
30744
32440
10613
10578
13740
2109
5979
19583
24779
14126
12004
30995
24770
2159
8434
26040
30116
20375
30542
10085
2460
4854
4251
3457
11393
26839
6280
2379
28075
14850
20554
9337
2053
3461
15178
19231
5220
16820
1050
27859
13847
22127
11694
14607
30144
11427
25801
31447
15970
24339
1461
22427
12474
6233
10807
30046
16595
2599
21442
19480
20949
27091
1515
9817
17437
5651
25885
5424
10643
18949
11662
23371
5176
370
5745
4959
13055
29267
30062
5579
12510
16276
13903
24952
2596
18713
31484
3075
19469
15615
30633
32030
29332
20004
24398
31027
22664
13289
29783
16203
28130
22326
4509
15919
10326
20671
16278
9420
25128
7302
10696
20956
6977
9889
2180
26307
20610
5438
21200
439
23896
29668
19621
25380
7057
9212
17755
591
13678
13967
6753
21817
24057
4945
21041
20422
25496
4319
25475
24094
20707
25157
31937
24148
4019
32195
24508
23878
17019
24785
9629
6852
18396
21856
32542
6388
7283
7267
17658
15092
3830
8590
27809
14018
31359
7261
13617
24153
31527
16985
8354
1053
20695
28311
3392
32377
25691
25217
863
3783
8888
984
2890
12144
8896
15354
8060
3412
18659
23649
3859
12396
23880
11373
25729
6061
18461
1123
9349
19504
26667
6581
31066
12177
14253
24708
7726
2453
13154
9827
7893
6415
14305
19038
16319
11268
18733
13883
8743
781
30857
31999
30862
1021
23693
17076
24424
32708
20346
20842
11797
3987
26571
32636
21522
19777
24332
19220
5745
27374
23279
20209
16774
28134
19613
29800
8932
4295
23114
1705
24456
4327
1804
2884
31315
27376
3309
1004
7870
19149
7487
32122
969
13002
31535
4149
31540
7670
9373
13648
242
8652
32043
5556
24283
21267
12180
13824
14497
29187
14656
9166
5125
8617
21525
2105
12618
11917
12943
17308
18410
10385
16915
30363
31625
21532
26496
7272
7463
13944
27144
6719
3225
16761
62
26675
20026
25184
13167
14125
10462
30718
3382
14386
24583
29725
17227
26852
24156
11291
21916
2380
25686
7384
21151
7894
3901
9683
13798
10397
19539
32655
5364
26857
3151
28988
3663
26614
19212
2451
11990
5112
16259
24322
16725
8795
18423
6921
15447
5711
26223
21732
16955
4228
24937
32618
26506
19506
23757
28213
13192
27997
32544
13827
3849
1111
30458
27740
5510
27270
29882
2677
31856
23655
27768
30549
1220
29907
13371
32054
10976
28034
21100
11822
2197
18637
4235
31758
7549
18616
9761
1931
29071
22319
4086
27291
17904
17296
26499
546
18444
31082
20138
31438
31462
5253
17317
9535
19116
30242
28989
21868
32399
16259
20284
20802
31954
21934
10020
4750
5408
21103
20769
24604
17698
1692
15677
544
11089
29084
7379
5590
7177
21034
16454
17510
3295
13399
31986
24842
18997
8398
12131
12914
11020
20828
11717
27496
14105
3760
16028
5808
29466
7007
26550
31282
18282
20523
10589
13659
13523
19844
31185
7872
19364
26191
5365
9476
6404
10215
29768
14076
32390
9057
791
30482
10238
23573
25329
15847
5010
32601
21596
12349
24596
18832
6086
27667
21903
15460
23230
4369
23583
2639
1380
10279
21766
23392
31774
11890
2557
20284
10637
18271
9928
24675
25792
23058
28941
3252
1959
7689
12902
26420
18890
23292
2229
30475
13114
24584
4280
1999
15304
30221
7901
20229
27254
20821
31319
2789
2347
18038
20081
32350
16555
18041
17954
28250
12485
26171
1506
1091
22735
29972
30653
14790
25679
26295
7590
12759
12283
5209
24077
8949
6884
6422
32436
13999
30702
19856
16830
615
13187
9945
22793
32086
392
31891
9149
6096
10128
31317
27173
22473
14160
16465
3006
7833
19796
30516
21390
31740
10224
23374
26295
12893
10872
755
332
20564
8371
25633
30051
877
22158
23906
8300
2091
22542
17908
19137
23372
28040
18728
9598
4175
10260
4360
23186
28980
4671
1084
25366
19331
22784
6959
6110
3727
238
4205
12366
7932
31663
28752
9071
895
12724
19419
8002
20197
21539
4838
2645
27479
2837
22907
17299
10972
21506
3201
5216
16671
9337
22935
2278
2675
9493
20035
8873
17428
6316
29260
6498
6575
17353
24932
7690
11301
26717
10250
21557
30093
10673
26543
30113
11896
27807
1560
21519
6264
2050
27651
11601
20963
22891
5901
1445
5844
4630
723
31809
4979
20508
11608
20015
11126
22505
15015
31579
23272
497
31673
16875
5161
12447
23704
25550
16183
25230
32197
27288
15915
13564
31959
23949
6919
27260
12390
7675
17070
18922
23335
24014
28980
27044
6744
25694
13144
15095
4959
5515
8527
27096
9390
28428
14020
25813
7657
28676
27676
8523
17227
7894
29950
28632
8262
8507
18451
29971
28009
6802
21514
6779
3463
17527
1504
2990
26134
30102
1118
5084
5845
2753
17635
28538
21682
26177
23907
26171
27626
31082
14256
16700
11634
3187
2552
29054
19350
14468
14479
31386
27104
18447
1263
30128
25659
29028
11774
16545
4440
8064
25999
11646
1105
15654
16170
17984
4492
13874
31760
30905
6883
9001
22650
16074
26369
21268
15906
5847
2063
10127
4
24696
5521
30493
870
29041
15754
27070
31254
30437
28903
964
4595
30406
12058
21218
15790
1424
13574
29062
31442
1079
4891
21608
14594
31325
28354
5731
18050
24777
29435
13957
26106
28693
13380
31842
29046
18342
3006
30381
11952
226
11659
18441
14482
668
32378
13852
8695
10451
27878
12005
13746
5277
20699
14416
30673
14430
6011
32264
19491
29757
15776
29069
26103
22233
24003
12422
25895
22071
21789
9560
17493
5376
17419
5623
31861
2025
28087
5373
395
3954
15093
2297
31926
22995
25707
15881
26478
8499
2037
13739
27658
6684
11592
10448
12165
9772
32213
28722
26753
7949
13296
18152
26508
19879
1329
6967
29859
24979
3098
25004
9716
31955
29947
7783
5096
10177
29203
6330
3681
16710
15096
27891
14145
16204
6969
28789
9771
21366
21569
7182
31117
18446
22142
28804
30942
10559
5571
2417
11300
3716
31979
21073
3258
6240
17600
4570
13136
30288
12827
16268
10035
2302
32588
22408
13007
29879
29883
8357
24946
14367
29904
6337
2642
6947
32529
31573
3282
2608
28298
5708
8705
12706
30578
24854
26467
28032
10251
2552
1781
24934
28874
28070
8299
19650
30648
11539
22460
28483
15128
21896
11488
4495
18250
20212
216
1589
1007
1155
27632
14050
23630
31601
18753
4567
18167
19489
7033
27546
28837
12649
11999
10476
3689
8752
7313
17660
6917
10556
4880
2010
918
28485
2047
302
1911
11086
14120
6954
20321
27957
4800
22973
32727
30344
2284
6666
19137
5530
17028
26136
17495
14038
16150
12491
32576
8276
29230
3603
13307
2986
17876
15203
30591
4613
9815
3173
17694
7800
31561
4076
24495
23187
12747
298
19948
18744
15371
22819
30233
938
10762
5217
7399
19687
16291
233
19351
28472
11209
10351
24930
6150
17680
10950
21529
9711
28526
7322
25609
7449
3907
15969
18209
13766
11672
8079
3927
14633
12708
521
20551
8313
21397
4573
18461
10819
11405
17712
4022
23044
2026
30840
5634
5623
22986
6891
27309
22316
32462
32566
7166
8154
10527
9331
11263
11254
7855
2901
24798
4100
11458
27558
29843
14894
29868
24052
26563
2451
30172
19847
31716
28641
31001
18070
6307
20774
16652
29882
8322
5603
9215
26018
30918
9059
29412
25609
18576
11850
20889
32485
13130
7025
25706
4321
4676
25329
30424
23566
29087
10622
32664
3541
21611
1015
9695
16177
1036
6458
11229
17691
28386
5693
25223
25925
23081
10331
2714
17162
27421
29163
18141
6309
19298
11543
934
4258
27812
28908
30623
21395
12155
19629
8650
7684
29073
11629
26819
29361
18182
16860
16198
15606
25363
20578
29168
30598
29678
13162
586
11104
30190
28673
13059
23295
16880
6815
10621
11729
23289
32324
18572
28651
16157
14791
10362
14843
16287
18283
20558
21886
9305
8884
5197
12595
7774
121
15810
31183
19935
19769
24571
10994
24395
26035
32404
11354
954
15792
26872
20311
18572
26916
28452
16510
4685
15221
21422
16802
16092
28955
7942
16384
13005
5993
14333
6842
22027
9898
25987
11655
17346
624
7605
29608
12668
21545
17943
22302
20874
29683
18717
26
13477
21426
9457
14517
28373
8287
22384
14561
914
3491
19317
28319
23849
32676
11099
5747
21346
1823
15549
14357
1376
25527
10624
23402
2760
140
23060
2482
16422
7952
17654
28419
12940
9238
22394
12278
28284
15148
23495
18336
13831
17451
35
452
25143
16140
25457
25926
29611
10749
19191
8931
5761
1460
25957
23584
7545
29700
16147
22144
14422
9390
19339
28410
27016
1145
10311
25002
32521
25221
31932
14791
4741
32732
7063
32213
21693
15690
18758
27676
10285
23407
19386
23384
20204
274
10091
5042
12245
31672
11677
13295
30436
28277
16354
30440
5346
25347
27873
27962
25157
28945
19029
32574
26962
28637
12377
19260
7044
26117
14818
13275
30257
11163
11917
13020
23147
29303
14747
17416
7205
10449
4665
31847
3222
27151
30981
8627
995
29147
11983
22028
11768
17785
18588
11245
7862
1879
1265
13919
29012
10470
1614
26989
30463
28329
5880
24279
14532
31372
23035
21259
20656
20598
3440
28240
24118
2337
16892
11845
6608
10026
11161
906
19433
16996
28569
30653
11003
32114
5096
28584
25845
31125
29585
23992
22495
15554
23683
30897
15808
15864
14998
19105
20416
3024
29641
11283
9354
16726
22989
32644
19956
15639
21704
16667
31202
20091
11091
16020
6759
19797
3012
2942
22830
20409
15027
1446
23065
29198
2743
32211
4391
25955
369
22707
12187
14343
19916
15382
27739
3155
29570
7258
11158
12747
20451
15910
18857
21606
23506
92
3396
13865
20240
584
1224
9978
2237
31262
21236
11956
24859
20387
11969
7543
18582
20266
6794
30274
22529
2242
5744
26563
13859
12206
20989
18285
30322
3605
8456
17100
21790
24827
14296
15125
29777
12400
29324
32514
32438
30727
11193
22236
21304
13194
26198
5849
7692
9196
20181
11177
753
24703
22419
21836
15542
2151
29810
1062
22013
10319
14788
3157
24384
10331
25196
9026
17937
22109
319
23414
12710
24651
25009
4784
2196
21233
23469
1588
987
28899
7876
357
29475
30134
14474
23190
5701
6511
23101
12830
12301
26684
8616
10154
13887
16994
26951
31192
17111
6263
25516
17409
10901
14289
1569
20053
23737
15166
1679
9262
28684
29685
28831
25758
287
24269
5662
330
17879
31149
24230
24444
31273
3396
14971
3955
2595
16122
15539
3582
7468
32550
8346
17481
26252
10113
15956
14838
24367
24027
12996
11631
19621
3852
16045
1659
14702
5678
8471
22288
17013
25609
28917
24169
24026
15055
14852
16983
32500
21002
24822
29404
15255
30418
4816
27638
22162
31811
17297
18873
21372
4142
20
25248
30641
18447
5943
23589
23703
31295
24125
28047
30502
14187
5233
17676
14503
30789
10764
17151
11451
21369
28249
32667
14496
20451
26903
20145
24496
9983
25375
13766
12586
2977
25159
2153
17205
18662
7301
7876
24354
19818
9816
23152
17138
30395
24675
28046
7192
12558
26715
6163
8064
16177
4388
20323
25295
16065
9783
1058
23277
15517
32327
31302
9153
28058
8484
26481
30011
24441
1247
19327
27032
13846
9775
14170
30945
18657
19
30230
19893
13458
9913
19514
22345
13593
2463
16731
15533
23508
8440
10224
5457
30213
2641
22369
2759
14211
22644
19553
18378
32176
6797
9086
22656
16042
24203
8694
24572
30918
13001
16589
18183
13882
27374
28188
18464
31001
11282
30892
31937
9093
1058
22979
20452
12320
4229
20798
31174
20163
30719
2016
26859
14707
15318
11242
15458
21904
9268
15340
13130
30032
19405
29658
13717
19820
3777
4194
23052
29465
24772
23677
3475
30266
20092
15685
16303
27604
11818
12294
14405
31938
17293
28311
31397
19626
23300
11755
22982
19759
8178
10979
8659
20840
12902
31078
31463
30097
16380
18868
26902
12033
9214
6135
3500
6236
21199
31260
3513
19978
5258
32736
16845
28392
21222
22830
4864
5437
32349
13992
10549
23535
20109
6276
20128
17399
25054
32665
11398
3602
101
13497
17732
23737
1544
6722
20371
12884
14307
15344
22282
8107
2283
4341
17893
13981
4561
9292
15364
5396
16426
5962
22327
7224
204
12918
20664
10211
27003
30874
5113
23125
9669
28698
12960
20522
11050
5765
22992
20617
30848
12906
11435
19869
25750
30573
10261
18761
16408
12441
29626
29207
20146
25848
17490
3186
23416
10849
13092
31766
27782
6802
11976
452
23011
7807
26930
314
19372
1001
26348
25442
25454
4401
5027
26826
5331
2927
32741
84
29057
25279
11305
30255
27711
30939
1296
3845
22361
13807
29930
25462
8774
24488
11900
4038
6793
26254
5377
3026
13269
7573
25966
16201
7028
4078
1274
9752
6890
26915
6366
6438
3541
9059
19289
3906
28439
28699
25080
27226
16695
3782
2324
9453
22021
1541
30876
29634
14717
29426
22037
12251
17390
25265
30686
7333
5980
27209
28089
24177
3106
28850
29319
13607
20699
24368
11091
20281
16771
11231
22418
18647
14810
29326
22185
11106
26377
4048
9904
290
23688
29265
16502
20795
28735
5735
29893
6109
8684
24553
12007
3772
4548
17988
16488
22976
19037
1739
6686
27645
25035
20815
5735
14565
13834
8944
14514
1468
18588
17202
1601
28493
32114
5972
23597
30684
16656
16349
26282
12635
23021
13431
7564
22497
26904
20992
27146
28759
24097
3807
22978
16245
25143
18836
766
11501
32398
26003
32310
26341
516
10835
6358
22955
27139
6306
9536
20388
21161
10811
3093
19846
12838
12186
689
32455
25446
16399
2804
18006
17393
28690
8264
18312
26895
16854
13791
31573
12335
1057
27197
9668
11913
4954
5111
16292
17411
12516
3002
10365
21841
25770
22414
13510
29025
7419
7004
27736
26102
153
29358
3363
1939
9996
6071
9760
12442
11068
31635
24198
15285
19519
13264
15681
32117
4208
24876
1184
313
7873
29600
30286
3410
16978
28574
4995
12900
19522
6296
11643
27151
18373
9409
23080
2255
13430
24087
8484
1825
15087
21665
29929
26088
3991
1525
19524
12814
30652
7678
28679
27502
9442
13564
20735
21234
23130
11980
31269
25592
4374
8042
29464
31995
3515
22708
9931
31599
7416
1393
8827
20204
27159
30097
16613
18319
9169
32694
5557
9118
25447
7156
11585
8298
2542
7125
29815
4730
2026
9121
23828
18661
17183
18652
4632
16384
3748
31247
20598
26425
26937
5068
14351
32323
30170
18156
10465
19828
25237
13339
124
15723
12696
24727
19382
4597
6286
26676
16544
19506
27180
4260
5305
30707
15878
8693
865
26727
19112
10331
6288
10231
9698
816
5063
8046
24419
25913
30535
14429
10633
10795
6018
32446
1144
9581
16079
1495
8042
20000
14689
5217
25670
27741
23930
23530
24947
11197
25564
16248
1518
14111
9345
28015
25498
16805
2955
20660
27608
8448
23166
7443
23128
23790
2477
31454
16943
22528
24050
5591
28969
30113
1698
4944
7520
24916
22464
13201
4365
23357
29809
8826
18591
11747
32176
15210
14090
12596
6467
17503
9314
32458
25838
25694
23208
15212
10726
22805
5348
6616
25736
12223
25715
31423
29771
1352
163
19986
2036
4529
13437
6524
6665
695
24290
18480
4487
27055
14554
10212
23255
16565
22056
14109
3327
19205
5154
10414
28438
21673
27327
16507
29178
5461
21490
28035
29253
14991
15670
17694
22140
23826
14186
17282
23946
25973
22752
30092
12653
9224
1457
28606
4656
8191
4691
13956
11545
25042
29805
31675
29731
15587
30185
21875
2478
23650
7755
20980
5238
5997
17986
3328
4034
20604
2429
10840
27614
25597
2752
22914
4810
27195
15927
18120
9524
20612
11786
7556
932
3467
27953
32667
30711
29963
11402
5704
4878
28333
9769
8219
4807
5164
21231
8257
25644
31415
7774
4869
5611
11159
3243
19351
20231
4113
1813
24332
7628
21646
17014
16551
13064
1785
29720
29527
23928
29801
18633
29824
22913
2560
21042
17406
18720
15635
24164
11624
26660
16010
28084
13969
20635
32138
15049
22357
25482
15698
2291
24210
10721
16995
11454
10356
16813
23268
712
2550
11152
17988
18639
5541
3182
16417
3342
7591
14186
12905
10186
5885
5137
21183
29480
16901
13524
12064
13633
15427
12732
28102
28792
24416
7001
17484
3596
4467
6652
27156
5865
27264
3366
2534
28356
21310
16191
30425
17766
286
395
10359
12872
29576
17499
16924
11873
22120
32640
10655
24636
28137
32517
28980
28237
28544
26654
6289
19333
27693
2651
26960
12836
12286
20769
29333
16591
15060
26971
26608
28130
13929
28525
26501
17671
3474
14697
27498
8968
2242
4486
27216
25569
5072
29902
27494
14106
4346
10774
4474
3667
23849
17715
24929
23073
26999
27243
18330
2328
3566
26154
8494
32041
31122
27894
19418
27439
25506
6053
368
22724
25116
28622
635
11353
2431
8317
21538
902
14804
7979
5455
17310
15599
24813
12048
6279
6643
28651
25661
21960
16916
29972
1115
28132
31393
2576
17856
29671
10305
26486
2808
23358
24445
17216
5992
27083
24190
29564
30513
4153
21528
10564
7767
7309
6152
22511
803
31486
14458
7305
14277
30983
207
14721
18238
16058
23964
31394
22909
29271
16886
5444
25288
14877
29165
22724
25182
4192
22102
17201
29787
7644
15822
20040
15067
3657
12027
2211
25186
4912
12309
20269
17788
2300
10149
15065
29600
29268
14989
5780
8026
15784
19273
29048
14250
2314
32372
8514
12455
22592
26766
18694
16231
28951
18684
14369
3363
20986
30288
13680
9623
30402
24523
2751
9384
24528
18464
25732
26441
3929
7547
22990
17311
28930
4802
12408
3171
24493
24091
12706
25481
15762
16558
8801
8223
21137
15276
13494
19319
25798
5776
1213
31112
16223
6821
30247
146
7082
10184
1514
21505
8306
1647
25655
1684
27532
6890
27309
14270
22957
24041
17100
28749
127
15935
20652
12873
3827
20453
13807
16415
2008
27714
244
24318
2733
10153
23629
6274
7859
16420
21108
16272
13383
26992
31161
15489
20591
6728
7295
25730
5811
16103
12712
24634
9518
29896
14670
26030
30436
13232
20916
18786
16470
2030
6268
10945
31316
16865
11290
16319
3859
16060
24968
957
23935
11910
571
19885
1746
31589
9815
4470
14950
13851
32543
20634
29639
11217
9647
32278
24333
2324
16877
22922
22377
11805
7613
1433
13309
6229
30836
23955
22257
1304
11920
20049
12995
12729
2470
13921
14814
23751
19611
4452
27759
27791
20503
29363
30836
24290
17207
4937
8213
26137
25730
30429
23096
22357
18207
27726
24912
19980
30789
27972
9333
10433
6386
8469
20154
17170
16352
1765
22715
4344
14261
2834
22645
32587
28025
3023
859
15748
9038
4366
5798
21703
15195
15268
6636
12321
12042
12199
12276
31246
1651
32283
27081
29502
25624
20942
20493
9880
30930
25473
5776
7808
29707
31048
11809
32597
17454
30004
10404
11070
15196
14126
9061
21287
27745
22054
11180
6406
21478
29806
20882
10083
8679
13152
23826
25111
14184
2631
22883
5204
11364
1149
27269
16357
29191
10960
8475
29111
25885
7210
16504
16281
25801
6514
11004
21312
16762
2221
26785
9870
6171
13161
31697
21780
28042
17499
30843
9941
7756
18503
4453
14412
30335
13856
4036
25521
1551
17009
26890
20345
1325
507
26367
17948
23805
8095
5651
15130
10383
10623
28146
8512
16913
14689
26714
30247
12355
31828
31273
9983
2091
23957
8891
12938
5897
22707
1394
11371
26765
14066
16790
1441
32072
15341
31840
15951
17761
1408
20817
25790
13193
8933
7368
1444
31792
10013
21716
29095
21753
14994
25671
31773
18540
28666
15372
5910
29164
24702
3770
28828
13800
21276
27240
30009
19029
29514
9412
23482
9051
23260
19807
7731
6222
29479
6731
1091
21729
29031
744
8857
27286
29278
31995
29623
5753
31038
4096
28150
3854
21961
12994
15051
28296
13751
10024
29512
3387
25944
18514
1510
24660
890
32484
10625
12488
11405
20386
420
16010
24837
14398
22535
9217
11008
20077
3926
3513
18217
21824
13108
6745
21724
15538
18816
30421
20875
16254
18647
2788
25440
4915
22618
18869
14115
24201
15537
31453
30047
27126
5712
3989
4800
15997
21752
22562
32704
9927
1153
11668
31618
18036
22232
25523
3582
15283
3908
5943
27999
32528
13037
11319
21161
30094
8862
4324
415
26870
458
6263
2020
23150
3789
616
30560
25421
20597
481
8165
6190
15553
22898
3091
8772
15592
24326
17785
749
12957
31766
9212
13705
25234
32284
11389
9100
26683
19275
17078
7890
5844
20349
12901
22067
27557
13677
21421
30808
30085
16422
20153
30924
21917
22715
17058
11094
15726
9273
21395
10631
3606
13786
25643
13967
31950
12667
32290
5461
24760
29264
11824
1222
3544
2519
22314
22124
24927
11018
16495
21315
25392
21977
25474
25289
8349
22231
15608
10325
9329
28468
9365
2729
12340
14571
28850
22986
6826
6972
26849
1808
30621
25437
19412
9081
27868
21869
27771
6210
22660
18857
10861
19897
11390
10722
18825
13389
9033
25391
27869
25575
12794
8159
14535
17789
23425
23985
24665
31460
18733
13384
8706
30949
19571
24537
30571
1940
11755
25639
31904
7389
28059
23473
21104
17760
22648
18217
22
3967
5930
28969
6169
11444
6672
14882
9328
15656
1668
24725
7658
31106
2400
6533
29389
12029
12992
3372
24765
16830
16138
3053
9696
10596
28972
3978
19776
7136
25125
23703
6769
23175
27079
22574
22643
21861
1211
26085
4057
6357
23493
25085
26667
14671
20553
3036
14474
12672
12815
29885
2962
26272
579
18087
6789
18176
26560
30619
933
14050
14478
15634
16353
16270
15528
21415
7092
13474
3587
28432
14155
17322
14797
26194
20966
8688
1778
28725
25728
19606
1509
1014
20402
3809
19869
12861
8405
17112
2526
2638
12903
14
16057
24451
11183
11452
25942
762
9124
9490
17905
17803
27404
27855
13091
22013
16865
7952
2659
20345
31736
4197
7628
3134
22757
22314
27425
4247
4889
11797
17422
8714
27213
25867
19376
24275
11556
21560
27992
27025
1547
1374
12428
32062
3940
1901
3663
32100
29413
8277
11171
22158
6202
20760
7499
17149
9970
24611
6357
18333
24472
24030
14040
32056
4128
22402
10875
31208
10118
11307
4662
28370
11441
14382
17885
19985
7325
19116
17882
3313
29625
6503
12217
22110
26254
9941
23531
16796
3490
20083
2243
24888
2204
27484
14021
15934
23720
19738
6688
5036
4637
28348
17785
24103
21854
9256
29162
5101
7934
12723
2123
6411
10023
495
20400
17360
10300
28100
25906
1409
13501
19139
24819
2894
9323
13238
19548
27525
23725
16252
19881
13062
30771
6676
11432
26359
4569
13303
5309
20152
14030
31659
14378
6681
17397
21909
14477
14283
12939
17935
30890
28693
6155
442
15211
6088
23886
22549
13349
28533
28919
11343
27677
733
30990
28762
8523
7337
18411
22081
606
8796
6230
11195
27648
27781
21740
5120
2906
28473
28357
5083
2523
18112
1875
9217
9781
31887
29069
15777
24233
6262
20045
5436
4229
21019
18423
30647
12523
30375
12636
32175
723
22207
3038
2316
28243
20662
14548
16601
23839
19201
23088
32595
16460
13035
9823
26175
9049
21386
13168
3457
28783
6385
32121
32747
18920
5031
11318
31315
7439
20568
23540
8424
21030
22475
28077
7878
15790
27412
8821
25543
14050
20491
1556
29852
30597
16892
27893
285
10461
23200
2367
13534
16896
1868
23361
30211
6990
24169
275
1621
23359
26916
10618
14997
8287
13670
11789
15376
3222
17415
6294
2163
5549
10047
6075
9185
16142
25949
9950
12611
8395
29627
27969
25823
24546
24049
6254
1325
31680
27977
13782
28133
5379
25715
20408
18781
4484
9082
20804
29714
16789
18423
30209
16004
27271
7557
18540
328
23152
29300
29666
14168
26922
9410
28095
4781
2719
31558
14792
16144
22084
7983
19910
18221
10212
18861
22644
20457
15775
31214
28571
7669
30514
18252
27004
6563
6777
9157
25966
17657
16690
8875
18376
22533
21507
6044
11521
30575
14015
8629
6166
14677
2533
30467
24620
27730
9577
1082
8567
21728
12471
13482
13658
21729
31734
30318
30160
12664
32393
20199
20490
27421
7900
4969
27226
23537
10077
6707
24911
4174
3272
30629
24610
3491
27048
7085
6224
31615
21275
25475
23689
25323
27349
29590
25289
30717
21095
28102
29125
8618
25537
22483
32136
13276
21238
17941
30558
4036
7488
7790
21745
7794
26948
1918
4786
22947
15511
22549
13690
22234
10880
6894
3953
2226
24576
31386
19504
10866
12559
10682
2082
2530
2857
7025
30512
9053
28937
8217
24221
17448
25525
14901
26158
9986
23738
16295
1167
16124
15801
6948
2802
9355
22818
16868
5113
22748
30784
12702
22998
21351
630
2739
14257
3527
10696
6826
23113
457
16540
27356
25567
19907
7362
10096
1872
29479
11187
29322
24193
25431
7190
30656
32767
20155
16521
21454
6119
27154
3997
9354
2052
7685
25890
21786
21304
21762
26790
31332
22557
23367
15672
21446
7915
1341
24178
17415
16029
4104
20150
22158
7503
28764
31415
9426
4075
914
30267
12306
7428
22267
30240
838
26370
31092
11165
12629
384
2874
25803
904
13810
0
5732
27711
31627
18239
13002
4579
9822
20174
29259
1563
4547
5042
28835
32067
18940
13623
17346
6682
31000
15936
28624
8634
6936
6363
23663
11214
15697
24600
12096
8959
19729
1052
12200
10671
14725
29809
6100
14058
27866
17568
30458
32665
24739
32514
2274
32761
20859
6611
9894
14668
21995
17032
13494
30671
23694
29538
12830
13547
21874
1860
19724
27055
2754
16322
8332
25982
27810
29050
32663
32005
21595
19111
29004
9584
696
26611
17021
20446
23984
11149
20589
6418
12612
2684
28888
8555
30635
17459
6964
8470
27821
14437
14135
3202
28749
20250
13465
23828
31914
9987
20507
21021
13095
32266
10696
15881
17610
2094
4219
13273
14818
10382
9889
10451
23789
16579
17472
24183
19640
2675
14905
10422
31176
12067
23242
25695
4857
4685
27478
12762
9573
435
25449
18456
29575
16370
7415
29642
18337
7514
23012
5841
17754
4861
17097
15350
32428
5126
17142
4828
20477
2381
26035
26674
18316
11048
6348
28205
7183
11651
30796
26934
30363
29235
1928
5344
5059
13703
31583
21788
4
26912
31169
1968
29537
12547
29294
2533
4170
14061
29952
18048
2498
18407
10284
24564
29889
28697
17989
19158
18647
2275
17153
27793
21523
27946
32384
4699
9763
18416
10634
21608
14012
12584
16153
14685
19261
3272
14103
11783
24463
24607
22120
9549
5711
4457
16427
29795
29743
17825
11325
16193
27289
20630
26367
2388
30102
27457
32346
15987
20719
9302
16384
18452
2194
16153
27892
704
26678
29811
17996
10180
3650
19013
22326
32554
9707
29948
8249
28135
3229
30566
1981
13398
26269
29892
13262
28901
26348
26912
12573
15119
20078
15328
2887
27274
26187
24732
14938
24257
31126
31277
2454
23172
4653
13318
23408
18430
31968
17864
28381
30952
22741
21776
2508
14077
13866
10643
11508
14510
2013
26478
13521
19990
27881
17335
3049
23088
5298
26456
21076
27720
17059
29725
7803
3503
13590
24587
15136
6067
29556
6900
1695
9678
18333
12872
22387
30750
26250
26414
2555
23061
3121
27347
7038
24946
3752
13570
30318
6512
11406
10486
21481
28221
6823
31852
22149
27821
5318
5372
16973
10800
30192
20392
30215
26882
7102
26294
2489
19617
6403
27067
13931
12932
31663
31737
27437
778
10739
19690
13148
3761
6822
32541
21026
19336
27880
28993
14140
1767
8965
7552
12544
24413
1180
782
32670
6890
27648
19969
11686
11630
734
12643
20938
866
12832
10117
7654
25798
18706
3223
24381
1114
8131
18294
21509
3857
14511
29893
31271
20419
9626
18495
15168
15138
13247
6219
6635
30703
9002
18385
17474
14190
28003
589
12194
29207
24396
32290
8623
23694
2636
14640
19096
10453
20653
25512
21661
26561
4419
27935
3278
7850
13903
26594
2325
25959
11170
13962
28534
8313
6
14288
17046
11143
13785
25762
22394
2059
1787
5238
22674
25674
8171
23518
31222
3721
5676
14684
17135
10366
7662
1144
4281
12037
17130
21265
13959
10772
10382
18673
24264
6385
5466
1444
4521
28322
19850
9353
1243
12966
245
809
6294
6626
20533
16840
9694
11230
11528
12858
517
18481
6646
10488
23409
8250
3380
25715
21407
30993
31433
32424
31336
18877
18927
7413
3715
2472
14780
21035
10060
17232
30977
26340
11203
16190
30067
31767
15064
23356
9736
15337
26854
25027
21668
3270
30333
30131
10997
31409
25700
26182
1691
19160
2270
32583
22669
28012
2605
10623
5048
16815
25173
28529
28393
24655
20514
14919
32236
24562
22892
23307
26102
18450
17050
13338
12608
9739
8037
5846
1525
30834
24799
10652
17486
25769
1203
27126
20475
27312
18862
7953
2246
2878
3454
20593
13939
5137
14266
5347
27626
1666
22051
19891
9624
19548
20010
8736
10002
12014
18354
20237
23547
17503
13590
7929
16425
18242
7278
7729
4867
3178
1550
24388
23085
2816
13392
25528
30568
10962
2196
31995
21939
19694
14724
14748
29110
17008
16029
12987
16737
9624
5355
19903
16081
18720
16659
17991
6771
12748
12951
5218
22635
20034
27734
770
23863
24860
5714
2734
11663
20796
23734
17528
26000
21599
16408
2351
11034
10229
15099
4309
8055
19505
24728
9811
5181
30044
22750
17260
1909
10094
23991
10480
11004
12255
7565
18226
31530
29115
9997
2747
10418
14325
16938
24896
22985
509
23141
2770
1675
32404
24140
2901
29850
10464
14401
20531
5640
15291
17533
24146
20343
28497
26709
7235
27006
13546
11963
3260
12623
25860
3591
3400
3223
5029
15096
27965
1190
32495
11509
28910
3280
19445
14233
5411
2067
1485
23919
9926
20986
4839
16378
735
20160
5276
20729
4803
18105
25866
10472
22663
4334
10016
9930
8123
20743
7413
15654
9813
19567
14430
4176
20972
6834
6591
18921
17703
13610
28961
17833
26996
10714
30085
31580
16637
30106
26232
18987
5336
18805
19432
2333
21373
16207
26678
222
13182
16842
4236
12990
28274
11115
24433
4348
10290
24825
30107
3141
22089
27430
15620
6776
15269
21362
25152
6828
19603
18507
30733
14964
3818
19577
31020
16482
19077
30137
7279
24521
7671
32424
12052
31175
19323
12259
26961
28547
21034
25709
28976
27060
10097
11601
32669
14691
9409
22664
23485
13809
32136
24348
8322
15451
20833
32398
125
13245
11911
374
31731
15125
6288
31593
15666
25674
26456
31775
3877
8301
4667
32213
8743
16702
15239
4849
4885
13298
4144
5861
26791
22835
20422
26197
31488
7785
4261
25212
31107
15416
5228
17356
745
15945
16560
32724
912
14414
4081
18023
19990
19520
3788
23035
8743
26091
14707
18255
5523
20397
19803
16465
5028
1147
25396
7742
26286
25380
25886
20235
32743
9946
13594
12804
29049
18670
6078
10163
20182
12251
14126
22787
26444
20358
21063
31141
3801
7876
27677
2483
26944
1565
4008
23187
27484
11216
31674
23327
1717
16662
19252
28418
13137
13483
28026
21861
19405
28299
804
25292
28588
30969
29431
4666
24558
15046
19219
12700
2532
9936
17005
11620
13380
1225
28288
16245
633
14138
320
1343
16956
8903
9040
16683
14184
6836
15988
19257
23050
30376
19529
29927
15032
13745
32052
25686
293
21129
19352
10920
14578
11544
20300
6572
24774
11577
25932
7357
28576
705
32686
6375
17516
9918
12760
6220
13269
508
19697
17606
10331
23758
8341
30158
2213
31754
13261
21917
22552
3926
2622
24976
17832
21666
18848
18897
7406
5366
21362
29748
19835
24174
9964
9823
31853
8067
7990
6958
21568
1931
25047
1878
1766
20611
4464
20808
13849
22029
6314
88
13808
7605
8557
10014
23984
13432
3155
19740
23269
1415
31836
7074
15026
3656
19171
20975
7526
5022
30672
17561
18511
15466
27152
27695
2515
13650
5186
18204
9148
16833
20915
4814
12244
24110
3981
8216
12978
22434
5707
18133
20691
31860
1904
15567
23021
19031
25465
21471
7807
15768
11280
25429
17325
9632
30338
24729
2379
8896
627
27411
13880
12590
10449
20297
7917
25930
14086
17735
31317
15654
2674
28228
30944
11078
24
21890
20947
16036
3223
30838
15074
3063
4189
6697
32256
15413
15383
26078
8566
25687
6507
9461
22066
2652
3050
3087
8290
31632
24128
25459
28226
22542
12206
3761
4402
30596
21947
14213
19724
2870
1574
8189
29108
8518
23838
24542
13041
27954
5045
4421
12923
31134
31379
12426
28757
10068
3303
13161
5468
7561
12196
7012
19489
3938
28905
1891
7156
31414
23488
2206
31297
17430
13324
16060
1568
21514
11965
32572
8743
6558
31302
3093
24706
5661
11089
7577
30022
22045
25009
17311
8963
31675
14744
25057
21913
15912
23818
19363
24396
613
18833
17046
3098
29002
7731
23803
32587
11981
1441
5899
3915
5761
4273
5015
5045
8541
5390
20460
22960
22719
25646
20217
12926
31408
28293
32692
20562
13162
9977
25273
25954
4120
14997
13108
14654
3804
28801
5890
10336
28694
17970
6675
16900
11492
7134
30995
30778
14053
1331
32585
5689
25923
4680
31679
28918
13040
9428
4515
1525
12847
9630
26605
31839
22871
11828
31810
15446
3283
31456
7448
4229
2670
14552
20252
1531
6606
1205
8656
32313
9789
11558
14201
10121
9648
3558
1080
20370
28929
5867
2167
17450
29056
21473
2694
13931
18346
2006
4998
21513
20280
12599
13191
2786
9308
2555
20717
10967
3655
22558
1816
23003
29422
8785
22596
3657
14350
7408
13997
891
13677
25396
10487
23704
7268
20650
3534
27053
30874
3811
17098
17152
11794
11117
12949
11937
6248
18947
3663
1089
12119
18177
13873
839
21631
24091
5489
20257
11877
10573
30054
1496
13500
3093
3053
9448
20963
24289
18699
12366
15790
28355
10196
20450
30057
9580
1675
22247
29978
27992
18954
27105
5639
9798
20580
13990
13944
15851
30410
29368
3774
16615
13995
5074
22388
30712
7711
30401
9477
25966
10118
26741
7279
14047
13420
17752
25926
32539
12209
8927
31995
19554
6886
14174
20318
28373
2809
29728
14434
811
22549
1463
21280
5541
1220
11921
14879
28996
8279
12236
7379
28473
10375
13387
20067
23197
11868
29194
12720
15458
16974
30126
9874
9098
27563
19553
23652
15766
12088
32732
11716
21314
26907
6341
27028
32111
32248
6972
11588
9825
10075
12721
13396
11050
24406
31224
16660
12646
12139
10399
687
1321
26283
30335
7271
4918
31520
3217
12834
21362
6761
25091
7718
14232
11684
16523
13345
29229
21649
25340
13676
10679
7155
25111
23184
27690
29498
25507
5642
30371
9568
16320
29771
9560
22801
4216
15619
8143
23566
24471
14751
5455
15827
26300
17680
7573
32120
5553
2255
4551
20181
21240
2846
29102
15081
10918
29328
10527
8061
24437
8907
18874
20996
4628
5773
3288
27078
29377
6893
12734
30013
12570
20452
3095
7871
7728
4619
22177
1118
13534
12710
7718
18189
31833
6882
22702
5380
30983
21339
31987
13157
8085
28897
11797
19231
32324
28028
20367
32018
4227
31917
5482
373
28867
17911
25776
22133
23687
10398
6180
16927
16058
27823
32048
11136
13382
1344
7455
3851
16098
18425
9868
4667
6699
15828
2842
31353
26359
28960
9574
2879
8422
23756
31546
3966
4666
24802
28676
4669
14824
24658
31622
2691
22510
27633
14542
32376
5096
7873
24937
25031
29150
3955
2260
13126
2401
31530
11315
7641
13014
3458
27205
8340
7953
27089
30616
543
3366
22957
8953
4959
4731
17582
32303
1362
10530
21876
32489
22075
30822
28652
11252
6656
2980
23760
10929
8656
27485
20077
16583
18184
19592
8873
7701
23896
18989
1604
747
4130
23855
23902
5753
12066
1642
5434
391
11860
24317
17217
8551
23826
745
13642
26408
6269
2524
22296
14093
32031
583
4388
23613
23503
8886
1181
25788
30164
9569
18606
31130
17485
510
3327
1899
20176
31194
17790
19191
21841
10792
17247
5682
20805
6297
24417
24942
4616
28205
6484
31951
30844
21576
20696
30207
5620
10248
31591
1572
12880
30678
31638
7183
32105
32571
32151
22198
28591
5365
32003
997
7696
16203
22486
30512
1308
25245
4796
19756
3943
15935
12939
28383
23343
11144
20240
26996
831
21285
17166
28211
28435
19635
7556
3761
28221
23694
14383
2372
8968
17379
5968
14778
90
22285
30383
587
24287
19998
10208
16587
28003
955
9669
9253
128
5678
340
30212
1402
7862
2970
11475
7271
29473
24832
23016
7571
9629
14798
18428
3618
14028
9197
24031
18423
11798
2545
6505
22741
3139
11095
14004
23748
19529
27146
22408
22455
26210
4396
16151
21099
2402
30996
30187
16018
32328
11411
27164
26161
27155
29564
24518
27207
25047
26211
17850
5295
1295
28580
17012
327
4661
23976
3406
25170
10640
27235
26611
25627
12878
23585
19477
29660
5586
9091
8547
28125
17743
6852
4021
30432
15766
19009
16778
1213
32044
22073
10933
23114
8352
31185
10067
31357
6427
13147
1792
22229
12601
1495
22603
15605
21527
29626
2151
18323
19118
5871
11043
22160
25439
31260
32539
21096
14286
5926
560
16077
1268
7927
10807
24719
18800
28287
5614
31423
7710
21752
18996
26388
31979
3951
20345
3469
27112
7552
17267
32600
12957
21345
13074
14579
14239
19746
20663
20369
29797
10034
23201
3519
14679
8230
17831
17223
19496
1974
45
19541
25190
7944
24913
5080
10831
20018
6245
5419
21991
21242
12450
8437
23623
19679
32026
26958
25912
19038
239
6435
4864
15214
10179
31451
7804
27981
25199
29242
31087
29566
31736
19846
27418
8723
15039
12777
23309
32040
8695
10007
15932
16816
26460
1584
23125
27508
28962
20456
21329
23640
28716
11749
14154
2272
27263
9065
31884
19956
18934
12592
9710
21472
17207
28828
355
8863
10469
27151
13516
19289
32536
10904
3344
19242
25354
23763
17263
2853
6931
26890
11539
8601
25303
24736
2280
14482
18366
14512
24494
15779
10660
6129
10829
16099
13266
15325
12904
6454
25133
14610
24884
23502
26286
6904
28811
1265
786
9892
12860
31740
10963
17660
24998
27816
342
22556
13189
26508
2150
32761
6155
27619
4833
4676
25395
16016
20401
18834
20306
12895
254
28601
3566
17806
13218
1917
23252
14476
2782
14700
17765
512
29771
2054
9265
17421
22547
3873
26311
9940
6496
21132
14794
15419
31509
24563
12616
20717
15549
18434
27976
20131
960
13005
27810
5025
25821
4976
532
25475
8660
16114
8081
21817
28515
27248
27612
25169
22388
21623
22102
31604
2965
7601
7445
17972
15272
5316
31029
26629
17628
31095
25971
648
19676
31511
13047
17680
7494
30233
24690
14175
21342
13568
26473
8624
14340
14465
29649
13819
21475
19173
14811
24180
5100
25264
24081
21844
4611
6272
9122
27101
22007
13367
21754
5784
8888
5468
6806
19682
9156
31423
13335
6566
3811
27996
18325
1900
3604
21122
15157
24979
1479
26933
19710
15578
2892
14032
23784
26918
8076
9967
7478
12415
503
25227
7430
1883
12221
8807
24871
4639
25409
171
32554
9187
10187
3535
28348
6773
21884
11451
1331
15265
2440
31277
20326
30640
28319
17242
15810
13615
27052
20440
22170
2546
32450
699
25279
1368
595
5887
18513
28623
27300
31526
2004
9115
21885
4129
3974
25300
5669
20340
22768
20142
24462
7318
1212
25598
24268
17814
26822
8441
22987
30468
17526
14398
9794
9999
3916
29975
3299
15339
5564
13563
27861
29046
22589
6744
13155
16922
24733
23696
31734
22261
407
22849
27712
17207
13479
19146
8379
3788
2589
18443
15698
21564
24433
29036
30301
30159
20438
28448
9683
11764
4881
9387
16571
32483
16012
15777
16612
17794
7334
30641
22230
29573
3662
19939
30728
13530
10960
26910
7508
1092
4590
31213
17831
29510
9267
24450
4349
10562
5508
16380
1933
24034
3576
30181
24896
21175
19690
30463
24936
4128
588
6208
6831
26990
21053
21275
12109
3141
14046
28673
24959
8005
13410
14888
2100
13290
4965
8331
15369
4017
5503
26674
20599
4221
22552
21427
27979
12344
22910
25593
23639
27581
21556
5700
24424
4342
25742
17265
8824
14401
11386
1148
7716
27929
27041
16451
32352
18930
12719
18060
24937
2916
18670
7242
763
24204
18202
23836
10181
28336
32369
22039
23834
30241
22793
15813
24809
22118
8294
11629
17903
31638
25420
16277
10283
3846
28114
30662
1426
15652
1976
22415
3845
4771
27898
17612
1408
13529
13477
9513
30612
31077
6634
21217
29463
8468
23409
20172
32538
14854
9456
21400
29211
27916
14075
11862
30844
14933
16670
57
24372
26954
8745
19867
30405
12214
715
32321
8814
21546
32354
13024
26529
20384
19986
5088
4535
12894
10772
32095
15843
20509
21841
11385
25444
30571
1840
20935
11263
14414
10156
11557
12461
32298
4521
5817
28305
228
20360
6449
2092
20808
1529
331
9940
1192
272
1691
4194
17350
6044
29065
17708
16629
22708
25241
14899
22906
14226
7919
925
26168
10661
1554
869
32653
27361
5360
28753
14455
23642
6690
18724
5371
12561
32626
2069
16327
23821
19610
10881
17174
31406
18255
24797
18644
6719
21630
31470
9730
12234
32470
25660
13661
4912
18054
17604
17722
18040
7752
6637
7349
30312
14750
23485
23562
26962
4187
589
15427
20529
15206
32634
29204
11765
3771
222
14339
18714
5298
3583
17355
23423
20100
22213
11011
29814
24075
17970
31483
16663
31945
11597
2023
11995
25644
6751
14143
7270
2832
12386
18789
3235
23686
4791
26249
4118
19412
14615
29386
22638
27069
16332
28061
10842
24322
2081
24691
8606
28712
15639
8342
31590
28284
4185
26708
23258
14933
17266
2912
15346
15001
20798
19061
2188
28034
19358
2620
956
30370
16752
29040
32611
20005
16575
12864
4099
30039
18742
757
13009
21606
17115
2516
6668
9576
19706
16454
5006
4255
31070
4406
15777
24060
18375
14011
32275
24547
30105
6903
28557
31534
30162
16447
14624
28788
9534
29819
1057
19083
3822
21456
1079
5707
21734
24189
17842
18325
4374
9731
13854
28564
17036
21897
6936
10307
6887
6526
27489
22832
16399
10880
15921
14719
22051
32637
17614
13105
26035
27416
604
2983
29232
10318
13815
30049
21664
6745
11007
28428
11926
17364
25523
5052
2402
14625
20994
16502
30085
4616
4765
13041
15976
7840
24145
1437
1613
25459
9620
11493
24197
8413
2654
22961
12259
27061
11322
25904
1906
3375
31388
10708
7011
22529
373
28062
7241
28869
25605
16795
9865
21407
31216
31407
26635
12575
17045
10129
20022
13417
8859
10263
20508
29843
8140
18868
10481
5454
3879
3391
5826
23241
26928
31221
29027
13522
14475
8642
11690
1343
22217
15036
8410
9612
27522
29168
6242
28613
24996
23394
6600
20134
18186
9039
24288
6402
19025
25781
25153
15457
19175
18710
4089
31469
12132
21880
28288
16527
30238
2224
21483
21333
13303
12000
31586
25367
30074
3647
3796
15450
13863
20760
30953
8820
25098
20758
4921
5361
5523
10174
1211
1078
4001
10301
25728
14692
2528
9828
29857
30079
27477
12017
2422
3024
2359
5392
28936
31623
27137
31009
28361
19621
16069
11452
8067
13337
1731
6130
22927
17193
4410
982
23879
9748
20862
28221
27069
13814
14667
19137
2478
25067
3417
21772
11441
13175
26672
22611
24756
29222
24382
4128
16297
10863
32295
1621
25981
7134
3164
4718
586
21107
20719
24070
23757
28485
18598
4764
22810
25706
590
5272
22414
10267
5457
28553
6
8980
26251
22449
19790
24122
12122
25795
27869
13184
31476
27115
18111
1547
3582
3855
16850
17813
27738
3925
6197
16655
28992
16613
20478
3210
11664
18928
11307
32343
102
9969
10716
1901
7663
26162
23999
27404
30844
15506
17867
6560
16341
22407
25393
13032
27344
4191
12431
29527
32546
25803
18535
4283
2932
22685
20433
18972
1978
9425
31084
12007
4032
22474
13466
24908
11269
19167
23789
22500
7373
4374
32220
25239
23410
17199
32443
30397
17915
19685
19178
1667
10479
8048
19020
26512
7020
27982
15866
3305
24947
21315
21817
6162
18566
4767
3754
1399
12917
16575
14785
30730
17013
4054
11384
26668
24690
5358
325
14801
1702
12073
29001
32223
3435
29773
7882
25304
26957
18047
25571
6329
3940
30543
31098
11298
29665
7157
2675
7350
22246
30426
1827
12997
21403
6747
19720
22569
25982
10441
30391
30829
22522
21940
26645
11317
21564
3177
27338
13273
322
24505
28403
1364
27188
9980
17431
29021
7928
27734
24157
9171
17153
4153
31740
862
32359
17963
16114
13396
1341
20170
3833
17113
10527
4877
22455
14411
10506
1228
30517
8157
13168
26755
28818
16001
20108
27731
14073
524
6900
12361
9424
27540
9325
9187
29490
31005
13570
23760
17824
21109
24152
19192
7667
15709
11580
28092
19605
7401
15230
28287
12529
42
5122
17509
24104
1034
7444
17754
30726
3190
31996
18519
23604
6339
11474
15584
27567
14154
11668
23506
2168
23638
4982
21851
7054
8257
23417
8266
14105
10457
16191
20105
10472
16904
31518
2791
4381
27061
14963
9243
20775
21221
7737
18694
26353
9254
4570
23097
2137
29997
25156
29879
4836
20414
19264
6652
9136
14284
28415
6462
27562
32482
27638
7666
5120
26305
1261
1938
18138
22347
3922
28318
12357
11167
7122
31457
2927
23174
3371
28405
4122
32270
4411
3337
21579
32372
12381
14562
30274
25671
26358
31520
8879
5579
32075
18883
19235
924
4502
14829
8389
2195
2136
32489
10054
237
22256
23149
29719
23722
23661
25116
28121
12596
15521
15951
8213
3649
29046
17941
30509
6650
1670
7289
30866
14429
13029
13059
19256
16864
17729
21889
9287
3415
5678
8966
27668
20759
29883
6196
12111
8028
16713
3767
12414
488
10909
22034
11689
30957
16691
18846
11863
24877
21717
1999
28090
1376
20589
11962
13607
24278
2072
16852
15049
18781
11643
7421
22677
11877
24154
6333
12160
27490
358
17357
2800
30578
25943
21977
6257
3136
22075
16260
18346
22056
7438
31661
26255
28572
7562
1520
19928
11206
1600
6768
12721
29806
18152
8916
27315
16159
16630
29840
19219
23941
26222
17510
21529
11546
15096
29484
24532
27138
27447
6095
4877
10546
28247
27288
11129
15832
26085
30126
32306
3575
12260
11997
14952
6738
24349
24213
17492
15756
3510
30774
15470
26253
15878
18314
1760
21032
15784
6035
26426
2042
16078
13960
1127
7829
7128
31514
26848
2782
31014
12027
