17551
7145
9408
12024
28100
30200
14531
8861
16649
14794
23466
30993
24952
18784
17795
12278
9401
30735
16223
25325
4984
22821
18272
12123
19990
25039
15123
1389
10655
25146
31744
2649
6397
6649
17024
28647
13931
27559
4815
25905
300
29645
2146
1190
9084
1797
27515
25429
21703
23392
17658
9577
11289
24838
25718
15343
30422
3612
3212
12256
26539
8683
14711
7771
12740
9022
13793
18994
25663
7691
29177
26280
6625
25686
20678
32633
20744
22099
24507
8731
32737
30155
11403
11332
14555
18624
11583
25516
29532
20308
28293
15124
19634
4327
31819
26759
21836
1152
14476
12512
