4697
16133
29621
32762
3294
32522
5166
12088
13927
8419
1671
14015
20829
21412
6805
20449
30549
14819
23207
17790
19008
9754
26207
13190
17889
30284
28608
24505
17797
21228
3719
4017
4590
21754
23999
35
2960
22383
6032
24930
17664
30683
9048
32036
8617
2637
18941
27017
19649
1139
1153
27993
7291
9218
6358
31117
13694
21592
30964
23570
663
5985
6186
4041
21674
30135
10929
19922
16111
14861
903
17418
858
31693
1146
5330
9051
15616
21635
1043
26824
8047
20566
30079
31512
29959
26935
8217
21713
12162
26127
6903
11587
29508
15039
10054
10871
20867
27060
23440
28515
28075
9148
5178
23135
4609
6680
19793
2013
30598
14034
18822
27988
17694
12113
10870
8317
2545
9514
24111
7874
14098
18745
1520
10484
23647
13553
14897
1852
11432
28144
20451
18772
3347
18390
761
22262
13246
6232
10791
25749
6567
29072
22506
8268
17353
22167
3272
11028
10120
7766
24281
12857
11855
30873
14982
15631
7288
18789
8337
737
24428
20108
1366
23850
1803
17278
13648
10759
28238
30562
25310
13037
22314
2406
16711
27543
32184
16211
20732
7491
26260
10852
16670
21022
27779
3672
2624
5373
20824
16070
9838
22861
22040
26289
2670
8013
7772
28252
17477
10363
25335
29535
25342
20555
14297
1787
2982
23839
26931
9899
24475
23924
13276
8955
6151
25945
23796
26781
31399
16422
27847
24506
3025
27242
4339
21894
8629
26661
27086
9239
15587
19256
18178
3191
18957
32281
6010
30456
12558
9931
4226
3527
21804
13838
20521
26052
27290
30419
32490
10641
17729
12786
13452
31465
1217
14879
9287
32308
16818
29723
21544
17496
8239
12071
25527
1745
27541
25022
9686
27140
8072
7811
4588
14800
567
21881
20547
21607
13281
13682
26031
14172
22425
16842
17009
25341
14662
28756
14426
2018
5357
25493
7220
12998
25395
5424
5725
27286
20253
1186
26293
29896
14619
15919
8122
13294
27461
19996
7410
21643
25316
29727
14474
15397
21300
11028
1084
28315
17768
22769
2422
23993
31215
15100
21688
22282
28406
25148
20541
1005
12334
21549
12767
12267
21455
9144
53
18760
18653
5729
29438
20440
23210
10691
12994
9748
3484
3385
15286
30829
14640
25567
26593
12001
831
25273
25725
7371
8320
7985
5792
25343
32335
8647
13083
14358
14764
4356
3490
2823
1927
2223
25390
13304
29243
28996
9120
10067
4184
27554
32423
24347
6309
9476
14307
28289
30565
10034
1611
29618
18650
30969
716
23540
23816
8920
27186
11761
10427
27644
13900
20050
18379
25455
21067
29328
29855
2444
28268
13831
6384
11702
14039
1357
23503
21577
29126
21441
20714
14545
18665
20327
11531
16506
16906
1779
9185
28872
10989
13859
21251
16008
31866
11346
24114
18695
31005
331
8414
21889
2670
3163
6380
7900
8717
20906
28343
19862
8656
22986
15957
11261
3873
10129
1563
27294
5537
16420
24163
2303
7442
31061
24204
13969
30323
559
21315
16352
25708
22990
10753
23565
749
10357
13781
28286
21011
11994
12644
4308
26699
16324
8750
31005
4025
30680
275
4171
21211
10160
19477
19686
15465
9262
25951
9725
20096
28944
25479
12898
29952
31172
14096
18455
30515
19581
18739
12291
11439
2950
30686
16873
31101
2263
4862
31899
21882
16358
16122
28267
25342
8639
24703
483
22716
26455
30083
694
17129
24093
32644
28405
24481
25299
25361
26758
6790
32412
24716
23251
27562
23126
2606
10431
7599
31785
23371
30430
16172
864
21720
26085
17235
22136
17194
20831
5585
30583
4352
26274
9718
29312
19396
10242
11542
6819
15630
12356
13359
2297
15722
19030
7371
4593
9307
12605
12584
9445
31136
3150
32663
18929
19381
31649
1314
12804
20381
18627
27505
3383
11743
4011
24047
7006
8399
29679
14888
10973
18446
13880
8053
31166
21844
15860
8668
11520
30317
27466
9266
21041
8322
17747
7554
7999
8346
22663
19891
25739
5472
22901
9572
25919
13863
24504
25883
2530
2859
19750
14239
8489
31514
13642
19362
8976
20947
22805
12451
10794
9325
2768
31507
5941
13947
3669
29623
4850
17550
18815
22093
25140
22524
22751
25458
16438
2016
23728
18883
13105
19298
4621
10819
3886
16697
3170
15357
6937
4206
8993
21226
3096
18018
26550
19988
19227
22034
14268
12540
14515
7322
16241
27705
25383
3832
103
6499
25285
29971
12413
11823
20598
22012
1294
27355
2709
31091
15976
1997
15361
8877
1920
26231
22897
26708
32228
18813
2312
19920
30192
22554
10282
453
20293
28864
25485
26076
28023
3838
5523
17351
10502
18599
24279
21375
19600
9777
11525
30416
29252
23131
9200
19992
21914
7442
7390
2636
27969
11670
12326
8251
24921
16345
31998
16663
12771
22824
9102
15409
8566
24588
9545
11780
14387
25459
8060
8309
29435
23819
5159
89
29407
29423
13581
3128
16599
31877
25863
8272
31159
20134
25501
989
30304
4864
22231
7064
17459
11961
10065
9598
460
31829
25230
25042
29676
23770
6030
19813
26294
25650
24995
20757
12063
9424
5504
2708
24736
24215
17555
4715
2861
5367
2709
25406
5483
20569
22879
18001
1822
3773
14079
26955
22496
10145
8715
314
5657
10021
4149
7896
31275
25710
15136
6157
14829
22344
12146
10932
12379
28943
21035
15522
11660
31951
20533
23780
740
19114
11323
27209
8074
10874
24255
801
20764
31160
15463
8771
31906
18589
5784
3413
25537
23174
19014
30791
18994
1437
12555
545
3954
13750
10358
28415
4282
5751
9125
17241
26417
10428
31510
9352
22113
18233
28346
8838
32487
24162
3659
20214
10607
23431
31712
17764
15840
5956
15551
2253
15060
16152
3186
23138
16715
596
26141
28041
2208
1591
14350
7461
20156
25943
30102
1559
6281
15938
31511
11013
22185
5478
30815
1369
17001
3630
21812
10125
1776
16238
17456
21671
2749
9985
30672
12543
27984
177
11719
28744
3366
1110
1176
9422
10731
20290
20323
5117
30444
31965
23551
13347
12747
12941
24394
14199
4470
8921
31677
18521
8537
19405
5700
23259
23763
29856
27980
14209
7911
11924
9757
9029
14901
23838
17514
18654
19752
2375
16422
18242
9840
1106
11674
2410
19891
7583
11189
19285
1151
28623
3235
28751
21380
2345
27809
3699
30720
29500
11023
21359
17786
24006
31174
9863
20403
28885
30381
11229
28890
2604
903
3311
