12261
13975
32759
2577
12759
12396
17622
21793
7177
19231
23392
31378
9445
30051
3901
6977
16808
24339
18176
8996
719
4315
12305
212
19118
31561
17493
27144
25443
11104
25686
56
31134
7726
13847
10819
31438
32440
5335
2122
18517
17527
7606
22071
14535
9381
28319
6879
574
18410
20873
26925
16535
11034
15484
28988
17495
28719
19419
18572
16994
20244
29233
10
26272
31461
16880
9337
7465
13337
20769
16927
26657
20889
31939
29947
30694
21915
17424
1647
834
15851
9779
18890
22473
31066
11481
4481
31469
30035
22388
6820
10020
23707
1589
16259
27270
31498
6871
6427
2146
2066
21545
6802
18754
8932
7232
31774
360
4369
21187
1516
439
15969
11398
544
19404
25846
17850
17680
10540
16177
26404
1380
7655
4750
7302
5846
23954
16400
15460
16150
3431
11263
6388
22955
21915
4677
19066
23630
11493
20732
1681
615
32436
7914
10586
32324
332
17039
17342
229
26358
27144
21611
5946
8374
7870
31333
14330
5161
13716
22793
16880
13957
19935
1409
4595
8662
11608
7665
20043
5693
11012
32289
18204
29843
21784
25882
31660
29084
24675
28160
10278
19137
2109
26710
26940
6388
31029
7676
7056
7657
1983
24339
2591
1103
9038
30861
20956
30770
21817
22784
26613
30482
26173
14826
14020
4414
24326
6011
30489
25844
188
10693
7657
4010
483
13975
23102
19968
25834
18038
28594
4235
24624
19471
13883
27537
15969
11917
25230
26018
14364
16485
10979
4315
26295
18177
16451
9711
27065
5030
26839
21187
25500
16312
30594
3216
26106
24035
10066
22383
26177
9337
136
2694
24788
26995
5054
29897
22332
11404
16882
21748
30904
26742
11268
8287
1084
9483
4509
20239
26223
22777
25363
31939
21611
6144
17574
26506
3352
14845
30144
26675
22957
25717
32289
4295
28040
19513
1931
26992
20617
32390
20826
32435
3779
5512
7901
6666
30167
9483
20610
7914
14877
21557
13071
17296
20068
23272
18965
11031
3491
8374
23519
3557
6086
979
3457
22929
5510
10365
8718
9038
32292
12435
21554
3833
22719
3510
4314
25944
29506
14042
30057
6671
30131
31000
27921
5844
969
27957
29299
21915
19658
29335
2159
5376
21525
28641
10188
15382
16675
7330
25752
11287
3727
28313
214
2552
19715
14652
7894
15306
26717
26274
13550
11659
25026
14813
15239
21896
4613
2885
11659
7676
7625
28503
10154
26062
9829
30995
28546
22820
1504
5375
9078
8979
12301
6459
13913
5611
20766
29435
13113
18038
24286
8466
27569
1920
30489
16675
16643
4960
6966
27374
14126
22837
22181
11687
236
30872
29401
27797
4677
31574
29478
30322
10168
23153
14208
6977
23421
29046
26654
11372
27768
16881
4297
6666
5599
26506
30620
7156
20727
32283
4750
9457
8860
26189
27104
25876
14741
1778
26710
25925
23295
29972
7855
28676
28980
1652
11687
4500
27374
12390
6302
32158
24542
13883
7783
25729
25482
1380
5634
32664
19351
18489
31995
2675
6802
7604
28719
11358
15615
9001
14772
31986
13186
12719
9001
360
14430
6457
26687
2931
12322
11493
20043
10362
8398
24730
26506
31673
28009
14560
18315
15642
22559
20523
3216
21921
18177
16278
12412
13267
20578
27812
32689
30673
23431
202
25760
29062
31320
26106
29060
14020
20695
25229
27531
6422
13409
8609
11876
15776
11181
5099
19283
27105
9418
26613
29868
10389
5912
20842
19220
4817
29461
22955
19282
10462
2474
27731
27187
13337
3789
26762
186
9003
3535
16595
15151
560
10893
16824
24040
7390
31723
13678
31250
26189
21323
28526
1506
1692
11285
23819
19460
4440
28908
30046
15015
12946
817
1367
20284
11945
12747
7967
20584
7360
7379
24955
5422
24261
22956
17028
13399
31985
2229
13508
11481
11264
13574
27890
7684
28941
16999
26854
544
23714
30437
5284
9373
14826
26652
16251
5408
5054
26878
31779
8262
17188
136
14670
11372
834
23058
1424
23729
1231
9381
16203
17592
25925
13286
31320
5384
1053
12708
14976
31574
2927
25305
7442
10518
5000
4931
7404
31856
5299
4212
27704
31506
27328
31478
9454
16336
22664
24675
30980
26717
18531
22559
6966
14759
31107
6152
30918
10843
29411
27587
16881
23652
30942
26496
19460
12355
19621
11263
12390
30872
3497
16872
31107
19364
12719
23278
23278
1474
2159
8500
21039
625
19060
25151
19094
21366
20617
15354
4225
14633
29323
26369
19242
8662
22228
10014
28699
4891
26854
26925
3004
32767
5901
10014
14842
10331
29264
20086
31739
16540
30288
7976
30974
3539
17227
786
20454
9810
29576
2460
12782
15790
2066
20284
15334
12573
26313
32551
28580
6959
19913
8993
23566
22388
24057
586
9827
30173
2596
31314
4611
2460
12750
5775
9071
17658
18047
767
31319
6507
11291
26878
2753
15914
32483
31315
1414
15001
4312
24218
3561
22495
2289
13756
12967
2003
5375
5197
12747
10438
22294
21422
22964
11822
4212
23372
19129
8130
8022
19504
8652
3408
20068
25199
30221
27943
32396
13659
12376
28624
25527
31723
7901
9445
20043
16880
16299
4258
7571
24624
6657
17510
29972
19322
29168
14479
29267
20677
9484
17758
8203
32324
32197
13852
20472
7429
32254
17628
365
27195
24580
3456
27288
18022
26062
31483
23707
8262
27104
11873
15312
24777
23478
4276
27048
15914
23880
30761
26397
27159
28503
18863
28355
16802
26665
24427
22294
7056
24055
27807
19460
13950
4481
136
10487
21706
25062
23317
16705
32347
13113
3625
27537
29904
26535
16759
22486
6303
17346
17876
14741
18119
12595
17227
25223
12091
4315
1414
22116
31540
26085
31333
21876
29304
30565
14557
28229
19257
32727
25380
6240
5901
27334
29060
27048
1859
7690
1732
22202
19969
782
25987
22326
16689
916
15754
16249
14253
24571
32648
26789
14282
11850
2760
9535
15312
31398
23014
23590
20802
31760
4975
20678
27634
29832
12740
11750
26703
28438
12851
3282
3170
5277
10663
26274
14700
20113
22142
21180
19489
16999
753
3006
11444
17296
32463
24779
20043
19796
5408
21682
15151
18888
19060
8884
19640
24745
5491
24052
8154
21277
14748
3716
544
4768
2463
14839
14332
26614
21437
8748
11828
3449
27063
11529
12759
24508
546
11770
13005
28451
10621
10169
21781
491
24596
1367
28383
29380
11227
5878
14142
23114
1118
13173
19481
11524
6909
19129
6459
26960
1652
31861
5781
22203
20043
21500
2981
12993
28693
18138
24398
29834
12782
31333
23374
5775
6337
15513
21390
668
9078
8779
17493
28687
9493
30565
28109
27044
18786
12082
13798
24027
984
11444
5054
18718
11634
7655
9266
2025
4685
21962
14834
18254
26550
14779
30647
1681
27065
19268
14847
16882
12840
5512
16268
22551
23419
19067
25563
3128
10415
25563
28296
18145
7942
26535
26852
22777
19458
7384
9629
25585
10170
1732
28298
2324
27241
22158
24424
18506
27091
9469
3006
5512
16989
11268
23289
3392
21903
30475
31027
31861
18328
31723
17419
29950
24675
22961
27658
29280
22202
32601
32047
5912
16454
14208
28580
26507
10950
11500
30653
21442
3006
16915
27587
86
30840
13114
15630
8300
9215
28916
154
9827
12962
30069
12857
30065
8748
23103
21964
1501
4776
19968
26155
1806
28752
18415
22789
27651
10397
7894
27587
16485
26839
30284
28916
10457
6277
719
22395
15742
13824
15203
20244
9051
26189
19060
17908
25217
32324
16989
12962
13055
20710
32307
14426
1198
15792
20732
898
26960
17094
8945
27997
8036
22383
19786
29634
121
31742
13741
3075
6471
25503
24456
7467
14120
9716
23649
1159
23511
9526
32435
4276
32361
14845
25329
32485
7676
26265
25230
25895
4433
1367
14050
20732
11209
6180
21402
27741
18447
30862
30363
31959
22957
25199
10067
20048
19331
7404
29637
20678
6316
31559
26839
21232
20699
14160
19145
15222
4262
14304
31314
586
32177
16075
2837
5183
15332
31986
11007
3408
21748
17392
30673
7535
25729
25885
1806
13315
2608
11398
24332
28806
30051
21822
12977
9003
734
12180
17313
16982
19242
6309
25151
21775
21539
22071
30588
26506
221
17673
21234
17561
22758
17227
781
19242
23630
4141
20874
6909
9055
898
28908
2517
13296
31787
547
10098
11012
16373
4568
6144
14966
6240
13162
11958
17510
2197
28160
586
31484
13330
18250
20826
8381
30542
26710
29551
17452
19715
30620
16446
13409
24286
13192
4342
14931
32708
24042
22964
28601
7806
16759
14367
7399
16473
23590
17101
11629
1911
8751
28687
25443
31985
2566
29652
31400
7833
9770
7459
8391
21119
27376
18616
4189
5924
28075
17510
27632
15539
25633
31143
6309
3769
11393
12291
5892
19469
5530
18415
22388
560
32120
10618
29576
13903
7605
991
8466
29713
26614
1021
1823
13382
9483
23428
10385
11523
5161
1380
21817
20638
6200
5847
21596
22709
5946
16725
25482
10
7459
10760
29725
2063
29028
4185
31779
20231
32485
28130
5424
28492
27104
20873
1406
1036
32767
31483
1457
5252
4327
26768
31285
56
12291
16725
4129
16900
3282
22820
28109
23448
27540
3622
14976
32396
5181
1007
11736
32086
19913
5125
30694
6670
25340
27663
13410
32152
18254
25987
30849
6507
10215
27173
29947
12914
25694
22644
10127
29713
20842
5216
11089
31959
16761
28676
24788
27807
8316
18038
19948
23896
10978
28292
17428
29953
2680
7219
8130
27060
4235
30431
5288
30360
29683
19441
27201
22326
13624
23448
28294
7839
21103
16028
27700
20035
21793
302
3557
32264
18254
3716
13598
17673
14652
20229
5375
18696
28334
18506
12269
29901
32462
32254
10972
29168
14699
786
1007
11958
11104
11409
3541
2890
28294
25550
7647
11287
7570
19354
23696
14020
11263
15847
9146
1367
25505
14256
20043
25644
14614
28969
14847
24339
21218
19765
30194
25054
24932
30763
3146
9796
31027
30591
29041
30035
7655
6422
12943
30363
31315
24584
30112
6666
21554
4321
22216
9141
24932
28601
28980
19796
12668
19481
1461
27807
15124
2451
21597
23519
2728
16853
25700
8770
16689
10362
31314
19946
3535
18890
23704
2608
12900
20244
23866
8667
5745
7404
22644
26490
19283
18820
11300
23949
10978
13187
13136
5000
29335
221
28296
2907
20212
9359
25184
9535
8130
28213
30726
29203
16853
20906
19765
18942
3754
29382
3097
24902
2053
24035
6666
2570
2591
2312
19935
12902
28601
23849
5556
19320
4959
22384
20558
11732
12428
13315
22187
27921
22667
26295
22302
4532
24779
4
29054
29066
20638
14772
9445
32404
30578
32462
17296
26614
29727
574
4314
18197
11974
21180
20802
10909
30381
26459
8354
19137
332
7605
19744
20039
11663
17673
11976
2075
24952
9652
21732
26756
15410
14364
9001
15790
26558
24451
22532
7912
26369
16363
21302
5690
15429
7894
3927
8795
16652
13005
23317
25101
25151
20264
11020
13574
9560
14699
26506
20955
27812
19879
29576
24606
11409
23945
17994
10819
6352
1220
13286
19948
28908
26506
28594
10994
2286
7442
28386
24035
28083
23743
32327
13944
23402
4297
27241
22559
19504
27230
24571
5288
30465
1105
8507
27060
11867
4220
12474
24946
4315
25895
13514
6466
25590
29255
21896
14847
14330
17561
2304
22127
11687
14458
26191
11687
2109
9038
547
8500
10984
30773
14105
19489
29267
13798
27058
18521
544
12491
11947
22719
2112
27070
5408
12355
29323
6666
9763
13330
1586
3431
1845
19640
7942
14813
7718
25667
12262
15642
4319
14614
2409
15914
6657
27697
6043
23103
16761
20695
9272
21809
12269
27270
19863
2458
24286
6967
2694
9711
6307
3449
4405
27091
2448
4790
32058
17908
27144
24847
21597
15718
14728
23826
8945
27807
3352
24057
26709
18069
8662
32456
14614
24937
4838
23428
4205
24283
14063
12095
26459
753
2645
11947
16037
22433
14496
483
15272
22834
9272
11368
17527
21346
28311
25609
30195
4086
14763
29907
12724
30773
18589
12262
13007
27173
24027
4405
17449
31527
20264
16820
538
25686
6980
4185
6427
26524
6967
28903
11482
14482
7875
27376
25232
19350
18396
31959
31474
21103
25813
26789
12708
24762
26709
9084
30594
27104
23058
21462
16824
29800
560
32158
26717
29634
28070
32761
26740
14202
28298
29783
7748
1476
690
28034
25987
5125
9988
5220
9048
32047
25860
30337
17356
13908
14208
9945
11631
10271
14759
29280
26762
8930
19386
26108
4175
20963
27044
29272
6165
28240
588
29335
20197
25919
19879
15847
26221
4891
24580
15509
17428
19257
18160
1705
10262
22486
2680
1628
20035
13141
29937
18482
8354
17028
11423
17574
5095
26825
6703
22142
11999
31104
3497
11104
26510
16019
17334
28383
26506
2050
6197
409
364
13944
21822
2548
15509
24847
24745
1929
25062
6788
20035
31574
24669
19658
32371
5424
15606
22009
31745
28355
14850
30437
6966
19621
29225
28980
895
19466
12962
4852
21232
28109
11091
30003
7726
11637
7399
6744
23639
29725
29953
30322
5979
9565
31804
14458
26789
20104
12428
9553
11828
20104
11250
20079
17334
13997
28229
31447
27104
7676
186
13583
19005
29725
4447
14364
4776
17974
5504
5521
14367
28042
26106
1007
26753
31517
11131
8499
22274
31152
19613
32165
18164
28601
21868
1506
31533
27260
28310
23289
22319
20695
4212
4235
21521
17424
15010
19987
5703
13827
9434
10486
4342
25411
7670
7861
27386
9195
3991
16291
17437
9003
6200
3098
27104
6808
12428
7121
14496
29299
10527
12967
755
916
31663
21822
32431
18461
2694
2122
24385
22505
5112
2760
5376
6280
30035
4369
21565
92
13154
15484
31673
3709
26420
30458
4189
25213
27715
19060
15915
2448
6815
17660
877
16074
3006
19481
24423
10362
26855
22449
14552
22395
16241
26506
17950
31974
29304
32721
2570
30849
32371
25644
4671
18070
24929
20104
25496
25101
8873
21842
8118
21839
6303
5912
19022
25701
18423
24919
27176
21402
23478
11308
10127
14845
1697
23103
1877
13113
3006
26507
25116
30862
11488
2302
21200
2292
13162
18912
4120
10909
29073
26548
21675
29800
19833
25467
20523
9900
8596
15652
31107
13138
30069
7449
2760
7056
15520
9055
9719
20295
9395
4663
30726
16485
30195
22592
16322
5000
18754
6277
816
19737
18415
24783
23945
14745
28483
121
12476
26592
11493
6815
24449
19617
18832
3849
31314
14120
10529
9059
1999
14365
8831
2170
27309
3482
16241
25760
3716
3557
29335
23878
2053
23058
31799
20454
28373
23945
31673
13418
29868
6879
16410
719
18410
25850
12706
11500
28789
28503
3201
8241
13944
22793
1804
14728
17073
29363
22986
31143
28269
10979
17353
8652
2122
2599
21917
20826
14692
24247
27159
16254
4750
21506
7675
31459
25661
16410
20375
20295
21784
19282
8195
18973
24995
19847
16373
8808
11371
16037
13847
31027
791
5912
4100
6303
21759
19969
17299
30062
23016
19038
20317
10841
19539
15087
23846
140
13999
8020
51
7465
19946
12283
9057
6670
16183
23920
15776
3034
23448
3392
20704
18441
16473
31498
121
4570
10898
10452
25057
27608
17475
28298
1681
236
22955
24624
19687
26490
22799
10251
12740
24770
12827
19116
32367
26510
19042
24785
3059
30233
13429
13136
32757
24035
15520
4663
19345
7604
19066
15429
9894
11104
17987
7571
1047
8195
14202
6603
13138
8930
2463
11227
16758
21268
25338
19856
30065
20472
24397
5408
6457
31051
14633
8662
7647
16373
13842
21525
6581
15124
18659
1435
19597
9390
24226
19621
17485
26103
30475
10693
27903
1920
3294
18531
17227
27376
27715
22927
17424
13286
24497
10711
8413
19491
32361
9600
22118
25563
12269
21896
226
25707
30710
15513
15460
17375
13002
24040
24854
6657
23870
29582
29610
9146
6977
1461
29894
8121
30773
16249
8779
22799
13005
12750
26740
25667
28837
28311
13315
11717
6788
21268
25496
2981
2223
18176
7774
1435
10527
26563
13301
1318
19466
21908
8064
26740
31398
16319
25792
12943
28309
25834
30069
7932
3408
14532
7671
21366
16177
9445
26563
21784
18733
17830
23949
9762
15969
21461
3352
21886
31974
12320
28499
13944
31966
409
10353
6471
26496
11592
12977
28492
21793
5252
4342
13997
21963
20578
30337
25590
2302
24581
302
21749
364
25500
24777
11663
24042
11894
4495
7657
32111
11629
9373
10224
12091
12887
17495
16705
15986
18713
15092
1681
6110
26404
13315
979
848
32347
17600
19674
23474
25876
11615
16312
26539
15608
28255
18158
1828
370
22664
10362
20699
14847
17070
1647
3089
32213
8596
18637
2349
12902
24854
11608
11850
31760
12492
19071
26762
9149
14560
29280
7870
4151
10397
16699
3483
17479
4663
17313
27096
9862
19118
20774
17308
14712
14333
9071
14745
14731
8751
12917
32551
21789
7156
6884
21100
3541
32371
24423
24055
18616
17654
29343
28916
13136
31509
22559
20094
4975
28338
22891
8381
20704
3355
24508
9055
18271
3497
546
13486
29060
17777
27496
1877
20826
15781
32111
497
6011
4321
12821
2474
25475
20578
20826
10389
23896
18006
26295
29329
7374
6474
870
11414
15092
4262
916
31066
7748
25306
24906
16485
26221
32254
21034
24775
18888
11631
28134
26762
2324
30102
22551
26490
25846
27195
9445
29985
19354
29713
20766
11458
3726
19297
17445
28955
32086
121
31939
30113
11873
17900
11057
24052
4671
31535
8316
10827
24979
6820
13997
25229
10353
22281
21706
23062
8752
30430
7748
863
25779
19948
23878
5095
221
18250
17755
2907
15688
29958
11850
12456
26103
21199
7459
14779
16422
29652
30493
25230
1877
15093
30942
21682
10271
4273
7387
6919
1791
6302
24055
28319
20554
32576
10559
25122
5901
29163
26369
28719
14020
1419
29529
11529
360
5078
5305
22460
23918
24604
25505
10085
7990
30172
7033
23062
22409
1778
26687
591
21654
28969
23584
28040
12510
14856
2823
5183
62
3598
15167
16774
32689
21793
29529
8667
1257
23447
14748
23279
2858
22853
29168
17516
18572
30162
24027
12262
29163
5521
6498
16853
25760
11947
31605
12640
14813
31107
20519
22384
7379
15306
11732
19298
9212
14741
11012
544
1781
25717
8434
25752
29950
719
26378
22495
5849
16441
19149
22935
9695
11993
9078
25366
3268
10451
10774
10578
8195
21675
5438
6744
10331
19129
32054
3535
8154
24027
22719
19968
6808
23317
12706
9823
10624
4262
23749
624
28087
15593
17451
8203
22709
23737
31907
28451
18197
24692
22158
25064
22223
5375
5984
12305
10048
22235
5423
25813
18088
15792
10
6842
22288
5549
28307
31498
25662
1778
615
2789
25023
26740
25674
26
11539
612
32046
25054
28376
22741
21784
7952
2714
29227
31372
13418
27105
15718
13598
19005
3859
3392
10331
15969
11685
14372
16157
29894
24723
26385
27195
22568
19796
2096
26369
14710
13718
14727
23083
18482
5781
13296
298
677
17974
10
3760
28806
3216
25745
22383
18616
11772
28426
13136
26314
26942
25443
20035
22383
20778
20026
19491
10945
10177
22427
30673
13986
28935
5438
23429
31104
2953
12759
22834
30093
14535
15549
21525
28255
27195
21366
22493
12994
5603
15615
3352
7057
18663
3201
17451
31333
6631
27663
1105
23707
10945
17039
29343
13286
29060
18441
8499
27704
12058
19351
25057
19257
24305
29069
28229
10465
20963
10250
7302
1204
24376
12576
12821
14670
24035
27943
13739
22486
21640
28208
12576
2089
29411
15509
22319
22388
27667
3258
6703
32757
30761
20346
21516
21277
16595
23737
21103
17162
2460
5305
8795
25760
17237
16410
26786
31663
14038
8391
21441
9598
7872
19555
22568
801
1920
19745
7499
18204
14842
23846
25223
392
26173
6030
11896
10738
23652
10212
18250
23044
916
13999
24930
17680
28580
5112
3201
17976
32213
8888
30905
26221
6316
28428
8611
23478
27903
16997
5530
26018
5530
23187
15151
6657
7347
16454
24919
12095
21896
8313
26295
20032
20638
27576
18365
26687
25338
28806
1751
19069
8662
28091
13286
18282
20209
3086
7467
31372
19489
2278
2229
10870
4709
3170
32542
991
22192
25674
3408
9051
18282
27060
781
28160
1459
5703
15969
27825
16997
14479
1589
20769
29401
13718
1781
26657
8751
2380
19116
7768
31742
29756
25527
31663
23062
28040
11404
15642
32435
19719
13337
2170
20559
6422
26507
14145
15223
11782
28632
16276
14066
8748
20208
30303
2498
3100
16999
30285
23419
11356
9078
1999
14607
15588
14076
27835
10365
10706
10643
10819
13933
3726
16221
20079
24079
28888
30995
30340
1932
16530
483
6352
20212
28955
26740
24495
24751
23719
10035
12366
29363
13338
4319
7387
26550
30381
5690
18038
15919
18949
26561
28338
16879
24500
4709
1778
4611
12719
17188
21996
8662
2714
11344
22964
395
18441
4959
22505
11663
18279
29668
14894
30918
16259
12259
28550
14047
30162
6883
7442
14699
5556
21732
4255
25054
2642
24906
1409
28091
27144
5438
3352
29713
23419
2552
19242
3834
9381
9928
19769
27616
6507
25449
15881
25644
14944
23649
16875
13136
13583
24397
27741
29800
7676
16675
12259
16689
26907
9601
31506
11958
23187
27667
31378
29901
365
22665
22493
16989
14050
23649
21034
591
22935
3252
28468
18177
9928
21682
25924
18250
15498
31359
16157
23729
17155
14607
19094
14386
17777
30430
25834
7986
30057
17957
15010
12827
14834
10637
12435
27829
10624
8779
29950
31069
4587
7606
16913
23278
21500
3561
11079
15498
27626
7690
3004
9305
409
26855
20727
12301
29408
10121
13690
24995
24427
2324
24789
14614
1159
7144
10212
11086
11529
32043
31939
17445
1586
19745
31001
28451
29972
5808
9657
4281
27327
591
5708
16195
9051
24296
4937
13997
31985
25760
31540
27296
5030
16012
32213
1454
26160
32665
1806
29664
26171
15332
9945
16074
17019
14552
321
13071
13059
13903
22995
7894
30577
6096
7806
16268
18832
20174
15484
30093
20508
29366
6458
3735
24979
9071
19491
16760
13192
19969
15382
10035
12759
14727
29972
9695
16183
19129
202
27376
9390
17829
21462
8873
20081
25137
16221
11637
30987
12592
31540
6458
22995
18576
5966
552
27451
8413
21525
5335
31907
9084
26825
26827
14614
6388
19769
21521
23633
29380
15776
21608
23764
8873
26499
32485
17117
734
25550
28353
28208
3760
12747
27241
7302
10240
24604
10848
11732
31865
21903
10819
8299
3252
15178
32350
27104
27807
31378
27623
9483
15986
17742
1665
2417
9817
439
21903
202
12994
10326
2266
11900
30554
7166
32175
3745
29879
9716
8340
17777
15881
19242
13139
25213
24494
21151
14847
20842
17400
7442
991
6030
13007
19796
20778
29366
9683
31602
15574
16204
2387
9629
22869
4110
5512
11308
24449
8121
9454
20677
31038
14772
6793
11444
5049
25895
26499
4162
8748
18021
20375
7570
15847
9800
23292
3461
23060
25302
6309
23511
12993
1501
13165
18254
19469
5745
8949
23918
9779
25273
6166
3207
21766
1498
25500
24427
31602
11655
3449
10224
31974
31001
16872
13739
13307
31548
21624
30437
25116
16287
18572
298
26687
7870
12340
3727
18423
28546
25608
19455
29233
16259
16168
16535
870
7966
898
19882
24047
2451
1257
16989
20447
16879
14693
1119
13380
22986
16671
15353
4412
25585
4360
8891
22664
25846
28101
28130
17019
10976
11
15354
3216
26313
6815
31143
10389
21366
25662
12943
27063
10978
21521
22929
16113
14656
3170
17742
21759
16658
23295
11822
1665
22542
9763
24932
25137
26613
4276
22777
14305
26874
13818
14517
13055
7676
22964
18021
31474
6918
24847
302
27546
28319
14712
6631
17094
18320
23292
26191
28594
31690
14063
15371
16830
28666
29335
3431
28208
16368
16485
21539
24741
19715
20727
18041
14976
14459
7748
15175
19455
26667
677
23760
233
26558
12603
277
20346
25054
12708
26393
31865
9003
2599
16699
27943
30322
22408
14076
9601
6820
22834
25662
31561
16212
17741
6144
21611
9331
14557
32665
30190
13740
26740
31745
29062
6801
5325
842
24708
22986
30397
2822
29084
21981
17353
21148
14371
12953
28376
370
10994
1586
23335
27060
30128
18576
19715
13550
24946
11342
23289
5467
12325
5373
4305
6959
7442
18717
24581
1476
719
19722
26315
15132
26108
7833
2927
7625
24696
9719
30533
21839
2753
8287
5243
10706
13997
27241
26191
26171
4120
17527
29233
29272
19504
29358
20559
5745
10353
31254
10067
11976
5966
8879
1628
13933
92
17635
21525
2433
30224
32692
14125
22473
17974
11488
31447
5220
16758
25779
18423
25707
21185
9900
615
3907
5181
3203
18176
21199
30051
612
12091
4185
13746
20026
2229
6507
13735
28472
2109
7835
23870
8779
28468
10637
3991
27270
26762
25752
13997
18482
23918
6316
6061
32636
2586
21134
6947
1327
491
23192
13286
15851
10066
21503
22741
1367
31716
28666
6642
27309
25924
31809
28468
30112
5579
23743
31787
23455
895
6324
15312
6011
28734
454
21119
25846
11304
21522
32182
13766
25449
10240
13986
5084
7806
30102
19196
9057
32542
26016
21549
6302
19935
28452
24919
13773
26883
3624
23943
3207
8930
11662
29466
13994
23062
4205
10067
20956
19231
21702
8860
10457
29904
26524
14513
19833
25717
4110
6642
23697
25520
1004
2858
20231
27957
3223
560
30683
30588
16880
12737
11351
26108
10250
6537
11458
8499
23902
2990
12750
31856
8667
11264
11268
27809
3326
28072
1823
20558
