14764
29727
10054
1139
29535
19996
6151
30598
21228
8419
29508
7985
18650
26781
4041
18390
26781
22506
22769
24428
27242
1852
4184
5166
14172
7291
10363
20867
30419
30873
21228
12334
1852
32490
5178
28756
12071
831
9120
8955
18390
2982
16818
6680
23570
24281
12088
13083
32036
4041
12071
4590
26931
12071
19996
22425
1852
8629
3294
25273
1186
4609
14819
12267
10641
25342
716
21674
17496
9148
18760
10363
8317
20541
3025
3025
31693
9048
9144
9838
30964
25725
1217
21894
25725
7371
21022
6567
27017
10641
10363
2637
15286
8122
9748
14819
17418
24281
27140
17889
1146
8629
17729
32281
1787
22506
5166
9838
16670
30284
21881
2223
22506
8419
8647
23207
8317
29723
14879
26661
5985
8268
26293
29959
8629
1146
8047
3191
6805
8317
15616
737
28315
20732
17797
10691
21300
19256
3272
4356
16711
6010
10363
7220
20108
28289
29243
9218
17278
12857
20451
23796
21881
8337
23570
32762
6032
18957
30829
5729
27290
11028
14764
17353
23135
14034
32281
16670
29438
14297
21300
10484
15587
13452
10852
23135
23570
10641
1671
21688
17790
1520
6232
24475
5330
7288
13246
22506
6805
2637
12071
23924
30964
13276
8647
32308
22167
32036
19922
11761
16818
6358
5725
10791
13246
27993
10852
21022
26289
12088
12334
31693
30565
17496
13083
30562
1005
8629
9144
9287
19008
10759
8239
29723
20449
12071
18957
23816
831
2223
25342
761
27186
1520
21804
1927
20555
7410
9476
3191
1043
12001
18760
9120
6805
6186
31215
31117
12162
23135
15587
16211
24506
2960
23924
17729
14619
14297
9218
7220
18760
1217
27779
18178
12334
13838
14819
13553
27290
21412
23540
30969
30562
27461
29727
14358
8617
24506
7491
9476
28756
7766
24930
14474
26260
13682
8239
1139
22769
21549
20867
5178
8419
21688
28996
23647
2545
10759
10484
30079
11028
17694
6309
32490
8617
2823
2960
1043
9514
13037
20541
7811
12088
567
16670
25341
22040
21635
25395
20449
21300
27847
13190
23796
12558
30829
11761
6680
1366
9144
2013
10791
10641
18178
14861
27086
14982
17496
14764
28075
14800
1153
30873
17797
26052
9120
1852
28608
14982
8647
30598
1186
12857
17418
11432
24475
32281
16133
2670
12071
7288
22383
12857
21228
20867
21455
28075
29959
23839
25148
8122
29618
26127
17496
13553
24506
2545
2406
9748
7491
30284
14982
10871
14426
26824
32762
13276
12267
858
7874
9144
17768
10791
11028
32490
3490
21754
9120
7766
737
