50 50
0 0 1523
0 1 1661
0 2 1480
0 3 1509
0 4 1581
0 5 1435
0 6 1339
0 7 1563
0 8 1741
0 9 1926
0 10 1615
0 11 1015
0 12 1226
0 13 1256
0 14 1613
0 15 712
0 16 1610
0 17 1436
0 18 1463
0 19 792
0 20 1442
0 21 1658
0 22 1787
0 23 1004
0 24 1677
0 25 1022
0 26 1800
0 27 1422
0 28 1660
0 29 1148
0 30 1713
0 31 1977
0 32 1142
0 33 1099
0 34 1361
0 35 1138
0 36 1491
0 37 1101
0 38 2001
0 39 1456
0 40 1439
0 41 1814
0 42 2101
0 43 2238
0 44 1870
0 45 1370
0 46 1324
0 47 893
0 48 1351
0 49 1508
1 0 1447
1 1 1696
1 2 1600
1 3 1617
1 4 1589
1 5 1705
1 6 923
1 7 1355
1 8 2564
1 9 1992
1 10 972
1 11 1996
1 12 1729
1 13 894
1 14 1003
1 15 887
1 16 1591
1 17 1906
1 18 1496
1 19 1840
1 20 1198
1 21 1376
1 22 1445
1 23 1208
1 24 1668
1 25 1472
1 26 1813
1 27 1357
1 28 1732
1 29 1461
1 30 1498
1 31 1428
1 32 1768
1 33 1245
1 34 1245
1 35 1741
1 36 1611
1 37 1432
1 38 1576
1 39 1445
1 40 1189
1 41 938
1 42 2225
1 43 2085
1 44 1188
1 45 1984
1 46 1237
1 47 1204
1 48 1845
1 49 1135
2 0 1352
2 1 1875
2 2 1017
2 3 1106
2 4 1289
2 5 1000
2 6 417
2 7 1144
2 8 892
2 9 1388
2 10 741
2 11 1236
2 12 955
2 13 1005
2 14 1144
2 15 81
2 16 1549
2 17 1369
2 18 728
2 19 1106
2 20 1017
2 21 1079
2 22 1202
2 23 727
2 24 868
2 25 1200
2 26 1674
2 27 1137
2 28 780
2 29 1400
2 30 1224
2 31 509
2 32 959
2 33 843
2 34 920
2 35 1040
2 36 908
2 37 1494
2 38 1160
2 39 996
2 40 1269
2 41 1389
2 42 1503
2 43 1876
2 44 1753
2 45 1858
2 46 1267
2 47 1350
2 48 515
2 49 1092
3 0 1478
3 1 1211
3 2 1448
3 3 1199
3 4 1718
3 5 1444
3 6 1316
3 7 905
3 8 1003
3 9 2630
3 10 1260
3 11 1153
3 12 1081
3 13 1712
3 14 1729
3 15 906
3 16 1586
3 17 960
3 18 809
3 19 1126
3 20 1790
3 21 1269
3 22 916
3 23 1480
3 24 931
3 25 1030
3 26 1650
3 27 915
3 28 1072
3 29 973
3 30 1401
3 31 614
3 32 1604
3 33 1242
3 34 1834
3 35 1611
3 36 1885
3 37 1763
3 38 1396
3 39 818
3 40 1272
3 41 1085
3 42 2065
3 43 1883
3 44 926
3 45 1470
3 46 1279
3 47 1502
3 48 1220
3 49 1381
4 0 945
4 1 1069
4 2 1823
4 3 1301
4 4 1600
4 5 848
4 6 946
4 7 1549
4 8 2147
4 9 2103
4 10 1541
4 11 1189
4 12 1878
4 13 1424
4 14 1349
4 15 454
4 16 2177
4 17 1540
4 18 1554
4 19 1559
4 20 1277
4 21 1816
4 22 1561
4 23 1469
4 24 1604
4 25 1395
4 26 1871
4 27 1668
4 28 1455
4 29 1960
4 30 1427
4 31 1267
4 32 1507
4 33 1452
4 34 1005
4 35 1367
4 36 794
4 37 1866
4 38 1366
4 39 1280
4 40 1162
4 41 980
4 42 1823
4 43 1652
4 44 1560
4 45 1556
4 46 972
4 47 1446
4 48 1128
4 49 1243
5 0 719
5 1 1003
5 2 1256
5 3 837
5 4 728
5 5 626
5 6 652
5 7 918
5 8 1075
5 9 1074
5 10 617
5 11 1391
5 12 1094
5 13 1096
5 14 1031
5 15 548
5 16 1563
5 17 643
5 18 1334
5 19 1030
5 20 1465
5 21 980
5 22 764
5 23 1167
5 24 947
5 25 1437
5 26 1371
5 27 1329
5 28 1968
5 29 883
5 30 610
5 31 1368
5 32 1187
5 33 1427
5 34 423
5 35 890
5 36 1419
5 37 1177
5 38 880
5 39 1004
5 40 535
5 41 1021
5 42 1769
5 43 496
5 44 1108
5 45 1200
5 46 996
5 47 848
5 48 1682
5 49 1614
6 0 922
6 1 1211
6 2 1301
6 3 1235
6 4 1142
6 5 1366
6 6 597
6 7 1834
6 8 1973
6 9 1279
6 10 1023
6 11 1282
6 12 1531
6 13 1109
6 14 1322
6 15 875
6 16 1511
6 17 1576
6 18 1522
6 19 1739
6 20 1671
6 21 1435
6 22 1569
6 23 1382
6 24 1170
6 25 1106
6 26 1728
6 27 1273
6 28 1601
6 29 1181
6 30 2063
6 31 1298
6 32 1639
6 33 1064
6 34 732
6 35 686
6 36 1287
6 37 1338
6 38 1498
6 39 1344
6 40 894
6 41 1325
6 42 1970
6 43 1595
6 44 1526
6 45 1244
6 46 1157
6 47 1260
6 48 973
6 49 1206
7 0 1147
7 1 1317
7 2 1385
7 3 1584
7 4 978
7 5 1083
7 6 1211
7 7 1257
7 8 1506
7 9 1828
7 10 1279
7 11 1567
7 12 1049
7 13 1567
7 14 1926
7 15 749
7 16 2263
7 17 846
7 18 1411
7 19 745
7 20 2021
7 21 950
7 22 2181
7 23 1517
7 24 1575
7 25 980
7 26 1725
7 27 740
7 28 1267
7 29 753
7 30 1423
7 31 1834
7 32 1514
7 33 1585
7 34 794
7 35 1591
7 36 1504
7 37 959
7 38 1085
7 39 1577
7 40 1128
7 41 1393
7 42 1538
7 43 1324
7 44 1559
7 45 1840
7 46 1250
7 47 1099
7 48 1072
7 49 1879
8 0 1159
8 1 1617
8 2 1073
8 3 1261
8 4 1195
8 5 1305
8 6 741
8 7 1157
8 8 1432
8 9 1755
8 10 922
8 11 1334
8 12 1021
8 13 799
8 14 1383
8 15 412
8 16 1366
8 17 1128
8 18 758
8 19 1753
8 20 899
8 21 891
8 22 986
8 23 1081
8 24 1385
8 25 904
8 26 1709
8 27 1061
8 28 1315
8 29 1231
8 30 1294
8 31 656
8 32 1012
8 33 674
8 34 1478
8 35 1297
8 36 776
8 37 1120
8 38 1388
8 39 1133
8 40 1247
8 41 1230
8 42 1931
8 43 1948
8 44 1307
8 45 1698
8 46 988
8 47 1133
8 48 1155
8 49 1506
9 0 1163
9 1 1806
9 2 1364
9 3 1967
9 4 1549
9 5 1281
9 6 1072
9 7 1451
9 8 2208
9 9 1929
9 10 812
9 11 1299
9 12 1114
9 13 1539
9 14 1136
9 15 520
9 16 2070
9 17 703
9 18 1431
9 19 2054
9 20 1497
9 21 1129
9 22 1301
9 23 1152
9 24 1187
9 25 1694
9 26 1162
9 27 1415
9 28 1787
9 29 1477
9 30 1227
9 31 662
9 32 1266
9 33 1078
9 34 1141
9 35 1644
9 36 1498
9 37 1384
9 38 1653
9 39 1805
9 40 1434
9 41 845
9 42 1649
9 43 1479
9 44 1042
9 45 2113
9 46 1202
9 47 1452
9 48 1544
9 49 2444
10 0 1693
10 1 1644
10 2 1544
10 3 1363
10 4 1020
10 5 1176
10 6 1468
10 7 1100
10 8 1784
10 9 2152
10 10 1251
10 11 1899
10 12 1048
10 13 1219
10 14 1931
10 15 768
10 16 1757
10 17 717
10 18 1574
10 19 1301
10 20 1545
10 21 917
10 22 1539
10 23 1372
10 24 997
10 25 1252
10 26 1524
10 27 1070
10 28 1377
10 29 1194
10 30 902
10 31 1175
10 32 1215
10 33 1312
10 34 1160
10 35 1638
10 36 1870
10 37 722
10 38 940
10 39 980
10 40 973
10 41 1010
10 42 1736
10 43 1394
10 44 759
10 45 1515
10 46 1497
10 47 1521
10 48 1498
10 49 1471
11 0 873
11 1 1891
11 2 1463
11 3 747
11 4 896
11 5 1100
11 6 792
11 7 1306
11 8 1729
11 9 1335
11 10 593
11 11 1197
11 12 1277
11 13 965
11 14 1330
11 15 268
11 16 1644
11 17 1662
11 18 1225
11 19 992
11 20 1447
11 21 556
11 22 1423
11 23 1269
11 24 1244
11 25 817
11 26 1534
11 27 839
11 28 1401
11 29 889
11 30 1205
11 31 1184
11 32 1683
11 33 1044
11 34 941
11 35 995
11 36 1184
11 37 954
11 38 1232
11 39 1290
11 40 728
11 41 1010
11 42 1387
11 43 1404
11 44 1305
11 45 1656
11 46 935
11 47 874
11 48 1133
11 49 1401
12 0 1323
12 1 1962
12 2 2337
12 3 1615
12 4 1280
12 5 959
12 6 1222
12 7 1767
12 8 2039
12 9 1839
12 10 1260
12 11 2043
12 12 1628
12 13 1656
12 14 2065
12 15 751
12 16 1375
12 17 1962
12 18 1526
12 19 2151
12 20 1822
12 21 1889
12 22 1829
12 23 1182
12 24 2005
12 25 1170
12 26 2834
12 27 1100
12 28 2452
12 29 1148
12 30 1604
12 31 1561
12 32 1712
12 33 1381
12 34 1725
12 35 1682
12 36 1399
12 37 2014
12 38 1802
12 39 1539
12 40 1263
12 41 1597
12 42 2825
12 43 1689
12 44 1791
12 45 2492
12 46 1571
12 47 1412
12 48 1926
12 49 1761
13 0 1463
13 1 1103
13 2 1546
13 3 1026
13 4 1529
13 5 2183
13 6 542
13 7 1783
13 8 1415
13 9 1335
13 10 979
13 11 840
13 12 1103
13 13 1256
13 14 1502
13 15 1002
13 16 704
13 17 1430
13 18 2004
13 19 1284
13 20 1393
13 21 1713
13 22 1591
13 23 869
13 24 2250
13 25 1223
13 26 1727
13 27 1188
13 28 2233
13 29 1213
13 30 1421
13 31 1588
13 32 1225
13 33 1135
13 34 1440
13 35 1449
13 36 1817
13 37 1660
13 38 2172
13 39 1179
13 40 1193
13 41 1078
13 42 2061
13 43 1452
13 44 1716
13 45 1928
13 46 609
13 47 1238
13 48 1648
13 49 2183
14 0 1511
14 1 1382
14 2 2014
14 3 874
14 4 765
14 5 1205
14 6 1755
14 7 696
14 8 2014
14 9 1914
14 10 1611
14 11 1757
14 12 1043
14 13 2031
14 14 1940
14 15 908
14 16 1719
14 17 1002
14 18 902
14 19 921
14 20 1352
14 21 1010
14 22 1656
14 23 1181
14 24 1615
14 25 671
14 26 1556
14 27 448
14 28 1056
14 29 957
14 30 775
14 31 1307
14 32 1126
14 33 1384
14 34 1279
14 35 1577
14 36 1842
14 37 995
14 38 938
14 39 1087
14 40 895
14 41 801
14 42 1665
14 43 938
14 44 816
14 45 1367
14 46 1488
14 47 717
14 48 1235
14 49 1146
15 0 1252
15 1 1809
15 2 1751
15 3 1193
15 4 1024
15 5 1122
15 6 1115
15 7 1180
15 8 1705
15 9 1987
15 10 825
15 11 1946
15 12 996
15 13 1147
15 14 1342
15 15 939
15 16 1984
15 17 1263
15 18 1029
15 19 2043
15 20 1226
15 21 1023
15 22 812
15 23 1968
15 24 1128
15 25 982
15 26 1309
15 27 845
15 28 1254
15 29 1155
15 30 1271
15 31 807
15 32 1798
15 33 1254
15 34 1424
15 35 1552
15 36 1568
15 37 1367
15 38 1285
15 39 1582
15 40 1354
15 41 764
15 42 1609
15 43 2095
15 44 1429
15 45 2076
15 46 1618
15 47 1461
15 48 1242
15 49 1555
16 0 1295
16 1 1356
16 2 1780
16 3 2036
16 4 1233
16 5 900
16 6 697
16 7 1408
16 8 2039
16 9 1768
16 10 1014
16 11 2119
16 12 1551
16 13 960
16 14 1601
16 15 716
16 16 2018
16 17 1147
16 18 1612
16 19 1668
16 20 1114
16 21 1686
16 22 1631
16 23 1259
16 24 1330
16 25 1627
16 26 1620
16 27 1529
16 28 2483
16 29 1974
16 30 1588
16 31 1140
16 32 1436
16 33 1466
16 34 1248
16 35 1647
16 36 995
16 37 914
16 38 1379
16 39 1915
16 40 1270
16 41 1340
16 42 2155
16 43 1852
16 44 1841
16 45 1607
16 46 1705
16 47 1798
16 48 1683
16 49 1707
17 0 866
17 1 1375
17 2 1740
17 3 1375
17 4 1321
17 5 1417
17 6 784
17 7 1037
17 8 1994
17 9 1634
17 10 995
17 11 1513
17 12 1504
17 13 976
17 14 1412
17 15 767
17 16 1962
17 17 847
17 18 1717
17 19 2076
17 20 1235
17 21 1073
17 22 1655
17 23 1063
17 24 1470
17 25 1450
17 26 1516
17 27 1209
17 28 1268
17 29 1200
17 30 1074
17 31 1463
17 32 1671
17 33 1272
17 34 783
17 35 1410
17 36 1369
17 37 1116
17 38 1130
17 39 1433
17 40 989
17 41 1180
17 42 1698
17 43 1191
17 44 1166
17 45 1523
17 46 1395
17 47 1138
17 48 1112
17 49 1377
18 0 810
18 1 1560
18 2 2040
18 3 1218
18 4 1490
18 5 1804
18 6 1387
18 7 851
18 8 2270
18 9 1715
18 10 1628
18 11 1202
18 12 2086
18 13 1450
18 14 1694
18 15 619
18 16 2233
18 17 1334
18 18 1117
18 19 1661
18 20 1533
18 21 986
18 22 1377
18 23 1236
18 24 1790
18 25 1357
18 26 2033
18 27 951
18 28 999
18 29 1082
18 30 1230
18 31 1811
18 32 1858
18 33 1683
18 34 1364
18 35 1572
18 36 1271
18 37 1567
18 38 1430
18 39 1021
18 40 1160
18 41 1320
18 42 1974
18 43 1265
18 44 1159
18 45 1200
18 46 1433
18 47 1451
18 48 1455
18 49 1385
19 0 1252
19 1 1561
19 2 1611
19 3 1025
19 4 1019
19 5 1439
19 6 1031
19 7 1398
19 8 1647
19 9 1500
19 10 1114
19 11 1071
19 12 1034
19 13 1504
19 14 1317
19 15 572
19 16 2042
19 17 974
19 18 1376
19 19 1606
19 20 1422
19 21 1157
19 22 1945
19 23 1085
19 24 1075
19 25 1514
19 26 1241
19 27 1358
19 28 1107
19 29 1366
19 30 1164
19 31 1160
19 32 826
19 33 1727
19 34 843
19 35 1448
19 36 1916
19 37 937
19 38 1560
19 39 1306
19 40 1393
19 41 963
19 42 1471
19 43 1110
19 44 1509
19 45 1191
19 46 1326
19 47 927
19 48 753
19 49 1226
20 0 1393
20 1 1136
20 2 2008
20 3 1197
20 4 1276
20 5 1917
20 6 457
20 7 1295
20 8 2161
20 9 1835
20 10 918
20 11 1754
20 12 1722
20 13 1077
20 14 1627
20 15 920
20 16 2104
20 17 1326
20 18 2154
20 19 2205
20 20 1475
20 21 1427
20 22 1500
20 23 1493
20 24 1375
20 25 1053
20 26 2014
20 27 1746
20 28 1955
20 29 1697
20 30 1406
20 31 1394
20 32 1890
20 33 1667
20 34 1293
20 35 1625
20 36 1200
20 37 1725
20 38 1477
20 39 1214
20 40 1089
20 41 1534
20 42 1887
20 43 1569
20 44 1312
20 45 2092
20 46 1314
20 47 1739
20 48 1201
20 49 1955
21 0 926
21 1 1992
21 2 1448
21 3 1636
21 4 2016
21 5 1617
21 6 1322
21 7 1466
21 8 1979
21 9 2426
21 10 941
21 11 1313
21 12 1178
21 13 1486
21 14 1131
21 15 640
21 16 2086
21 17 1458
21 18 1284
21 19 1550
21 20 1504
21 21 1373
21 22 1314
21 23 1298
21 24 1641
21 25 1561
21 26 1561
21 27 1391
21 28 1216
21 29 897
21 30 1623
21 31 1335
21 32 1155
21 33 1175
21 34 1522
21 35 1504
21 36 2079
21 37 1325
21 38 1730
21 39 1506
21 40 1520
21 41 1757
21 42 2119
21 43 1738
21 44 1848
21 45 1729
21 46 832
21 47 912
21 48 1614
21 49 1707
22 0 1854
22 1 1967
22 2 2041
22 3 1598
22 4 1154
22 5 1986
22 6 1513
22 7 1536
22 8 2001
22 9 2399
22 10 1485
22 11 1748
22 12 1584
22 13 2259
22 14 2436
22 15 366
22 16 2256
22 17 1582
22 18 1198
22 19 1693
22 20 1948
22 21 1628
22 22 2334
22 23 964
22 24 1008
22 25 1340
22 26 1993
22 27 1627
22 28 1437
22 29 1558
22 30 1740
22 31 1132
22 32 1504
22 33 1910
22 34 1633
22 35 2128
22 36 1776
22 37 1954
22 38 2006
22 39 969
22 40 1239
22 41 1694
22 42 1968
22 43 1555
22 44 1402
22 45 1915
22 46 1784
22 47 1298
22 48 1079
22 49 1735
23 0 1152
23 1 1691
23 2 1520
23 3 1805
23 4 1790
23 5 1506
23 6 2055
23 7 2039
23 8 2051
23 9 1626
23 10 1517
23 11 1247
23 12 1892
23 13 1624
23 14 2004
23 15 930
23 16 2205
23 17 2513
23 18 1548
23 19 1480
23 20 2071
23 21 2121
23 22 2212
23 23 1877
23 24 1957
23 25 1373
23 26 1890
23 27 803
23 28 1544
23 29 1259
23 30 1558
23 31 2319
23 32 2188
23 33 1496
23 34 1302
23 35 2166
23 36 1858
23 37 1594
23 38 1819
23 39 2009
23 40 1040
23 41 1211
23 42 2332
23 43 1722
23 44 1215
23 45 1694
23 46 1553
23 47 1164
23 48 2448
23 49 1199
24 0 1067
24 1 1579
24 2 1430
24 3 958
24 4 1048
24 5 977
24 6 1091
24 7 1184
24 8 1989
24 9 1288
24 10 693
24 11 960
24 12 1588
24 13 1073
24 14 1466
24 15 633
24 16 1578
24 17 1240
24 18 1277
24 19 1578
24 20 812
24 21 1299
24 22 1692
24 23 583
24 24 1042
24 25 1352
24 26 1679
24 27 1157
24 28 1046
24 29 1347
24 30 1238
24 31 753
24 32 1061
24 33 863
24 34 893
24 35 1258
24 36 1332
24 37 527
24 38 1326
24 39 1262
24 40 1063
24 41 1145
24 42 1665
24 43 1677
24 44 1375
24 45 765
24 46 1321
24 47 1022
24 48 1186
24 49 949
25 0 1494
25 1 1423
25 2 1147
25 3 1466
25 4 1196
25 5 1032
25 6 858
25 7 1423
25 8 1474
25 9 1584
25 10 85
25 11 1303
25 12 924
25 13 1293
25 14 1738
25 15 735
25 16 1346
25 17 1148
25 18 1384
25 19 1630
25 20 1680
25 21 2045
25 22 1431
25 23 617
25 24 1037
25 25 1081
25 26 1535
25 27 1227
25 28 1777
25 29 823
25 30 1567
25 31 844
25 32 1236
25 33 1239
25 34 1291
25 35 1521
25 36 1311
25 37 1186
25 38 1596
25 39 1077
25 40 974
25 41 1309
25 42 1760
25 43 1796
25 44 808
25 45 1603
25 46 1352
25 47 1280
25 48 1165
25 49 1383
26 0 1659
26 1 1372
26 2 2171
26 3 1530
26 4 767
26 5 1882
26 6 980
26 7 1111
26 8 1577
26 9 1831
26 10 882
26 11 1382
26 12 1108
26 13 1263
26 14 1792
26 15 845
26 16 1081
26 17 1097
26 18 1103
26 19 1187
26 20 1687
26 21 1329
26 22 1634
26 23 1068
26 24 911
26 25 920
26 26 1887
26 27 1581
26 28 1805
26 29 910
26 30 1545
26 31 1487
26 32 1310
26 33 1468
26 34 1196
26 35 1452
26 36 1579
26 37 1661
26 38 1951
26 39 1202
26 40 1154
26 41 1633
26 42 1603
26 43 1808
26 44 1166
26 45 1793
26 46 1470
26 47 1201
26 48 1211
26 49 1459
27 0 1743
27 1 2209
27 2 1245
27 3 1497
27 4 1552
27 5 1800
27 6 1413
27 7 2521
27 8 1956
27 9 1755
27 10 1499
27 11 1362
27 12 1737
27 13 1342
27 14 1593
27 15 535
27 16 2222
27 17 1921
27 18 1403
27 19 1958
27 20 1526
27 21 1293
27 22 2207
27 23 1763
27 24 1554
27 25 2029
27 26 2296
27 27 1805
27 28 1876
27 29 1479
27 30 1822
27 31 1223
27 32 1015
27 33 1759
27 34 1657
27 35 1912
27 36 1558
27 37 1731
27 38 2191
27 39 1213
27 40 1533
27 41 1140
27 42 2315
27 43 2716
27 44 1744
27 45 2086
27 46 1274
27 47 1219
27 48 1664
27 49 1827
28 0 1094
28 1 1601
28 2 761
28 3 1277
28 4 727
28 5 1355
28 6 919
28 7 1398
28 8 1720
28 9 773
28 10 1209
28 11 1326
28 12 885
28 13 944
28 14 1004
28 15 386
28 16 1581
28 17 865
28 18 760
28 19 1463
28 20 647
28 21 924
28 22 1346
28 23 741
28 24 1389
28 25 863
28 26 1011
28 27 562
28 28 1431
28 29 1069
28 30 822
28 31 911
28 32 671
28 33 944
28 34 717
28 35 1314
28 36 875
28 37 257
28 38 1325
28 39 1009
28 40 716
28 41 664
28 42 1539
28 43 1185
28 44 660
28 45 1106
28 46 887
28 47 715
28 48 1016
28 49 923
29 0 1494
29 1 2154
29 2 2054
29 3 1707
29 4 1609
29 5 1417
29 6 1112
29 7 1186
29 8 1599
29 9 1681
29 10 950
29 11 2228
29 12 1452
29 13 1778
29 14 1949
29 15 1118
29 16 2127
29 17 1831
29 18 1369
29 19 1103
29 20 1676
29 21 1829
29 22 1647
29 23 1330
29 24 1392
29 25 1620
29 26 2168
29 27 1200
29 28 1811
29 29 1450
29 30 1745
29 31 1539
29 32 1696
29 33 1563
29 34 1418
29 35 1693
29 36 2412
29 37 1332
29 38 1772
29 39 1565
29 40 1381
29 41 2419
29 42 2850
29 43 1629
29 44 2658
29 45 1456
29 46 2152
29 47 1501
29 48 1993
29 49 1405
30 0 1077
30 1 1815
30 2 1499
30 3 1022
30 4 1107
30 5 1427
30 6 1170
30 7 1586
30 8 1765
30 9 1043
30 10 1323
30 11 1018
30 12 1436
30 13 1542
30 14 1531
30 15 553
30 16 1670
30 17 1348
30 18 1195
30 19 1417
30 20 1561
30 21 1486
30 22 2077
30 23 1381
30 24 1158
30 25 1018
30 26 2375
30 27 1343
30 28 1522
30 29 1204
30 30 1655
30 31 811
30 32 897
30 33 933
30 34 487
30 35 984
30 36 1146
30 37 1576
30 38 1382
30 39 1097
30 40 1511
30 41 981
30 42 1440
30 43 1883
30 44 1797
30 45 1035
30 46 1150
30 47 1450
30 48 713
30 49 1544
31 0 2036
31 1 2250
31 2 2002
31 3 1474
31 4 1075
31 5 1332
31 6 1441
31 7 1654
31 8 1596
31 9 1312
31 10 2142
31 11 2027
31 12 1901
31 13 2261
31 14 2346
31 15 847
31 16 2064
31 17 1887
31 18 1149
31 19 1919
31 20 2018
31 21 2446
31 22 2015
31 23 1667
31 24 1512
31 25 1906
31 26 3234
31 27 1658
31 28 1958
31 29 1619
31 30 2003
31 31 1224
31 32 1320
31 33 1388
31 34 1258
31 35 1523
31 36 1741
31 37 2061
31 38 2208
31 39 1681
31 40 1506
31 41 1892
31 42 2855
31 43 2396
31 44 2462
31 45 2107
31 46 1950
31 47 1859
31 48 1489
31 49 2269
32 0 745
32 1 1348
32 2 1951
32 3 970
32 4 1034
32 5 1308
32 6 987
32 7 1128
32 8 2335
32 9 1485
32 10 830
32 11 1571
32 12 1828
32 13 947
32 14 1038
32 15 298
32 16 1450
32 17 988
32 18 1210
32 19 1518
32 20 948
32 21 991
32 22 1813
32 23 976
32 24 1597
32 25 1303
32 26 1654
32 27 1519
32 28 1366
32 29 1365
32 30 708
32 31 1095
32 32 1351
32 33 1514
32 34 908
32 35 1360
32 36 1237
32 37 735
32 38 1087
32 39 1199
32 40 1149
32 41 1176
32 42 1760
32 43 1332
32 44 1008
32 45 1100
32 46 917
32 47 1300
32 48 1517
32 49 1156
33 0 871
33 1 746
33 2 427
33 3 1247
33 4 1230
33 5 823
33 6 894
33 7 1314
33 8 1047
33 9 2257
33 10 1340
33 11 984
33 12 963
33 13 1424
33 14 1356
33 15 322
33 16 1907
33 17 711
33 18 953
33 19 1346
33 20 740
33 21 1153
33 22 1306
33 23 1088
33 24 1146
33 25 910
33 26 1115
33 27 1091
33 28 875
33 29 978
33 30 1069
33 31 347
33 32 746
33 33 1053
33 34 1554
33 35 1423
33 36 585
33 37 1553
33 38 1128
33 39 416
33 40 795
33 41 544
33 42 1371
33 43 1152
33 44 626
33 45 1447
33 46 456
33 47 666
33 48 805
33 49 1458
34 0 1283
34 1 1136
34 2 2038
34 3 1496
34 4 1517
34 5 1389
34 6 979
34 7 1703
34 8 1846
34 9 1722
34 10 1369
34 11 974
34 12 1715
34 13 1176
34 14 1467
34 15 972
34 16 1623
34 17 1516
34 18 1683
34 19 1243
34 20 1362
34 21 1830
34 22 1780
34 23 1286
34 24 1665
34 25 1260
34 26 2094
34 27 1195
34 28 2063
34 29 1042
34 30 1658
34 31 2322
34 32 1264
34 33 1631
34 34 1259
34 35 1352
34 36 1829
34 37 1756
34 38 2187
34 39 1906
34 40 956
34 41 1411
34 42 1526
34 43 1453
34 44 1555
34 45 1905
34 46 911
34 47 1153
34 48 1672
34 49 1369
35 0 1389
35 1 1864
35 2 1119
35 3 862
35 4 1007
35 5 1258
35 6 1220
35 7 914
35 8 1706
35 9 1235
35 10 778
35 11 1348
35 12 1169
35 13 1328
35 14 1867
35 15 298
35 16 1468
35 17 1004
35 18 1354
35 19 1489
35 20 1615
35 21 896
35 22 1555
35 23 778
35 24 821
35 25 1070
35 26 1995
35 27 1345
35 28 1590
35 29 1334
35 30 703
35 31 1038
35 32 1170
35 33 839
35 34 622
35 35 1695
35 36 1006
35 37 1149
35 38 1250
35 39 709
35 40 969
35 41 1121
35 42 1986
35 43 1264
35 44 1344
35 45 1504
35 46 1294
35 47 940
35 48 1787
35 49 1413
36 0 1740
36 1 1928
36 2 1892
36 3 1863
36 4 1457
36 5 1453
36 6 814
36 7 1073
36 8 1903
36 9 1960
36 10 1054
36 11 1285
36 12 1747
36 13 1598
36 14 1601
36 15 585
36 16 2651
36 17 1124
36 18 1175
36 19 1585
36 20 1084
36 21 1220
36 22 1611
36 23 1349
36 24 1833
36 25 1561
36 26 1374
36 27 1172
36 28 1684
36 29 1754
36 30 1527
36 31 1292
36 32 1629
36 33 1520
36 34 1510
36 35 1829
36 36 1334
36 37 1712
36 38 1689
36 39 1737
36 40 1698
36 41 1517
36 42 1841
36 43 1768
36 44 1518
36 45 2017
36 46 1740
36 47 1677
36 48 1193
36 49 2499
37 0 1184
37 1 1231
37 2 1233
37 3 902
37 4 781
37 5 957
37 6 588
37 7 1375
37 8 1368
37 9 1339
37 10 935
37 11 1219
37 12 1053
37 13 593
37 14 1351
37 15 321
37 16 1513
37 17 921
37 18 1246
37 19 971
37 20 1032
37 21 591
37 22 1663
37 23 630
37 24 720
37 25 1004
37 26 1182
37 27 857
37 28 1079
37 29 811
37 30 1100
37 31 790
37 32 1098
37 33 1076
37 34 447
37 35 961
37 36 773
37 37 725
37 38 653
37 39 846
37 40 442
37 41 904
37 42 851
37 43 1364
37 44 958
37 45 1267
37 46 1425
37 47 950
37 48 598
37 49 838
38 0 1287
38 1 2156
38 2 2003
38 3 1432
38 4 1425
38 5 1151
38 6 1475
38 7 1232
38 8 1957
38 9 1937
38 10 818
38 11 874
38 12 1051
38 13 1481
38 14 1487
38 15 349
38 16 2041
38 17 1609
38 18 941
38 19 1583
38 20 1867
38 21 1208
38 22 1700
38 23 1239
38 24 775
38 25 677
38 26 1421
38 27 1149
38 28 1336
38 29 941
38 30 1282
38 31 1150
38 32 1971
38 33 812
38 34 1158
38 35 1759
38 36 1401
38 37 1229
38 38 1172
38 39 1340
38 40 1609
38 41 1311
38 42 1486
38 43 1461
38 44 1684
38 45 1816
38 46 1658
38 47 1060
38 48 1222
38 49 1352
39 0 1102
39 1 1124
39 2 973
39 3 852
39 4 1239
39 5 343
39 6 730
39 7 1352
39 8 1279
39 9 1719
39 10 535
39 11 814
39 12 1086
39 13 989
39 14 1156
39 15 705
39 16 1268
39 17 795
39 18 930
39 19 1504
39 20 388
39 21 1517
39 22 1098
39 23 599
39 24 1303
39 25 969
39 26 1020
39 27 732
39 28 974
39 29 1066
39 30 1703
39 31 332
39 32 583
39 33 826
39 34 1009
39 35 481
39 36 1307
39 37 1228
39 38 1026
39 39 764
39 40 750
39 41 822
39 42 1304
39 43 1255
39 44 903
39 45 945
39 46 1061
39 47 977
39 48 454
39 49 1199
40 0 1917
40 1 1266
40 2 1145
40 3 1263
40 4 2104
40 5 1253
40 6 873
40 7 1334
40 8 1626
40 9 2307
40 10 1140
40 11 1079
40 12 1232
40 13 1208
40 14 1940
40 15 503
40 16 2119
40 17 784
40 18 2029
40 19 1328
40 20 1772
40 21 1567
40 22 1096
40 23 837
40 24 1250
40 25 1240
40 26 2227
40 27 1648
40 28 2396
40 29 1097
40 30 1666
40 31 1544
40 32 1081
40 33 1705
40 34 1756
40 35 1535
40 36 1490
40 37 1973
40 38 1974
40 39 1119
40 40 1134
40 41 1760
40 42 1538
40 43 1544
40 44 1614
40 45 1863
40 46 1463
40 47 1080
40 48 1706
40 49 2292
41 0 754
41 1 1218
41 2 1376
41 3 1524
41 4 1693
41 5 1495
41 6 1123
41 7 1118
41 8 1653
41 9 1743
41 10 820
41 11 806
41 12 1235
41 13 1466
41 14 1451
41 15 181
41 16 1842
41 17 1237
41 18 850
41 19 1819
41 20 1858
41 21 1656
41 22 2199
41 23 1265
41 24 1217
41 25 763
41 26 1336
41 27 771
41 28 1116
41 29 562
41 30 1375
41 31 757
41 32 1450
41 33 1178
41 34 914
41 35 1985
41 36 1685
41 37 1326
41 38 1257
41 39 986
41 40 1421
41 41 833
41 42 1369
41 43 1051
41 44 1364
41 45 1078
41 46 1147
41 47 764
41 48 1008
41 49 1547
42 0 927
42 1 1615
42 2 1239
42 3 1458
42 4 1544
42 5 1958
42 6 1092
42 7 871
42 8 1500
42 9 1801
42 10 994
42 11 1378
42 12 931
42 13 1733
42 14 1490
42 15 820
42 16 2053
42 17 982
42 18 1199
42 19 1864
42 20 1977
42 21 1288
42 22 1074
42 23 1238
42 24 1162
42 25 1427
42 26 1745
42 27 1545
42 28 995
42 29 913
42 30 1120
42 31 996
42 32 1375
42 33 1397
42 34 1331
42 35 1975
42 36 1443
42 37 1673
42 38 1735
42 39 589
42 40 1368
42 41 1119
42 42 2142
42 43 1395
42 44 1029
42 45 1616
42 46 1062
42 47 1403
42 48 1069
42 49 1837
43 0 1144
43 1 699
43 2 1159
43 3 845
43 4 1778
43 5 1114
43 6 838
43 7 1226
43 8 1523
43 9 1444
43 10 748
43 11 950
43 12 1444
43 13 1487
43 14 1571
43 15 660
43 16 1907
43 17 1143
43 18 1574
43 19 1635
43 20 1840
43 21 1710
43 22 1397
43 23 1140
43 24 1316
43 25 1162
43 26 1747
43 27 880
43 28 1619
43 29 898
43 30 1396
43 31 915
43 32 1483
43 33 1381
43 34 719
43 35 1669
43 36 1372
43 37 1443
43 38 1021
43 39 1351
43 40 522
43 41 801
43 42 1591
43 43 644
43 44 897
43 45 1236
43 46 913
43 47 1158
43 48 1260
43 49 1828
44 0 1027
44 1 1159
44 2 1938
44 3 1589
44 4 946
44 5 750
44 6 1499
44 7 1648
44 8 1933
44 9 1592
44 10 1381
44 11 1458
44 12 1417
44 13 1517
44 14 1460
44 15 945
44 16 1617
44 17 1145
44 18 1788
44 19 703
44 20 1644
44 21 1317
44 22 1583
44 23 1515
44 24 1441
44 25 1600
44 26 1814
44 27 1135
44 28 1620
44 29 601
44 30 1377
44 31 2124
44 32 1732
44 33 1632
44 34 582
44 35 1271
44 36 1648
44 37 1656
44 38 1168
44 39 1734
44 40 896
44 41 738
44 42 2073
44 43 1483
44 44 1125
44 45 1124
44 46 1234
44 47 1118
44 48 1320
44 49 1438
45 0 871
45 1 1212
45 2 2095
45 3 1596
45 4 1221
45 5 1572
45 6 1345
45 7 1514
45 8 1935
45 9 2043
45 10 1506
45 11 1883
45 12 2235
45 13 1308
45 14 1424
45 15 806
45 16 1520
45 17 1210
45 18 1571
45 19 1994
45 20 1727
45 21 1415
45 22 1750
45 23 1441
45 24 1652
45 25 1690
45 26 1797
45 27 1780
45 28 1852
45 29 1791
45 30 1533
45 31 1977
45 32 1775
45 33 1789
45 34 636
45 35 1467
45 36 1787
45 37 1940
45 38 1443
45 39 1868
45 40 1101
45 41 889
45 42 2400
45 43 1252
45 44 1401
45 45 1717
45 46 1650
45 47 1473
45 48 1982
45 49 1736
46 0 707
46 1 1308
46 2 934
46 3 1012
46 4 905
46 5 805
46 6 1284
46 7 929
46 8 1262
46 9 1324
46 10 896
46 11 978
46 12 1084
46 13 1490
46 14 1028
46 15 212
46 16 1420
46 17 1251
46 18 500
46 19 1456
46 20 936
46 21 1350
46 22 1414
46 23 971
46 24 1031
46 25 580
46 26 1053
46 27 604
46 28 654
46 29 595
46 30 972
46 31 787
46 32 827
46 33 990
46 34 1162
46 35 1036
46 36 1416
46 37 1147
46 38 1178
46 39 696
46 40 925
46 41 851
46 42 1335
46 43 574
46 44 888
46 45 1178
46 46 841
46 47 604
46 48 1121
46 49 1279
47 0 1248
47 1 1928
47 2 1510
47 3 1374
47 4 1093
47 5 1033
47 6 587
47 7 1847
47 8 1582
47 9 1282
47 10 784
47 11 1320
47 12 1522
47 13 1306
47 14 1637
47 15 710
47 16 1748
47 17 1633
47 18 1566
47 19 1055
47 20 1378
47 21 923
47 22 1984
47 23 1439
47 24 1493
47 25 1504
47 26 1916
47 27 1203
47 28 1721
47 29 1344
47 30 1795
47 31 1424
47 32 1555
47 33 1224
47 34 805
47 35 1153
47 36 1451
47 37 1385
47 38 1859
47 39 1240
47 40 886
47 41 1430
47 42 2281
47 43 1557
47 44 1782
47 45 1938
47 46 1239
47 47 1264
47 48 1303
47 49 1434
48 0 1039
48 1 933
48 2 870
48 3 503
48 4 1218
48 5 1012
48 6 646
48 7 912
48 8 797
48 9 1154
48 10 953
48 11 815
48 12 1464
48 13 895
48 14 961
48 15 557
48 16 1330
48 17 648
48 18 951
48 19 1028
48 20 959
48 21 794
48 22 810
48 23 1192
48 24 1189
48 25 1117
48 26 1432
48 27 983
48 28 965
48 29 913
48 30 716
48 31 1074
48 32 963
48 33 1574
48 34 1029
48 35 844
48 36 1100
48 37 1098
48 38 1278
48 39 528
48 40 1008
48 41 1185
48 42 1584
48 43 1067
48 44 901
48 45 1116
48 46 761
48 47 1575
48 48 1419
48 49 1276
49 0 1510
49 1 1240
49 2 1732
49 3 1146
49 4 847
49 5 1106
49 6 1231
49 7 1501
49 8 2023
49 9 1525
49 10 1061
49 11 1046
49 12 1427
49 13 1136
49 14 1795
49 15 573
49 16 1704
49 17 1449
49 18 1456
49 19 703
49 20 1559
49 21 936
49 22 2111
49 23 1289
49 24 1130
49 25 656
49 26 1943
49 27 1205
49 28 1611
49 29 715
49 30 941
49 31 1694
49 32 1384
49 33 1646
49 34 901
49 35 1008
49 36 1344
49 37 1857
49 38 1125
49 39 1309
49 40 925
49 41 1025
49 42 708
49 43 1413
49 44 963
49 45 1987
49 46 1321
49 47 786
49 48 1311
49 49 1514
