100 100
0 0 300
0 1 91
0 2 112
0 5 342
0 11 90
0 14 72
0 15 319
0 16 134
0 17 360
0 18 120
0 21 200
0 22 60
0 23 519
0 25 169
0 27 108
0 28 394
0 35 260
0 36 28
0 38 580
0 39 14
0 41 166
0 42 56
0 46 91
0 48 407
0 49 240
0 50 306
0 52 340
0 56 360
0 60 140
0 61 116
0 62 485
0 66 182
0 70 330
0 71 119
0 72 18
0 76 504
0 78 425
0 80 234
0 81 162
0 82 386
0 83 72
0 84 54
0 87 30
0 89 98
0 90 60
0 92 1103
0 94 340
0 95 235
0 96 125
0 97 348
1 0 152
1 5 60
1 6 76
1 7 191
1 8 44
1 13 2
1 15 119
1 16 395
1 17 306
1 19 228
1 20 65
1 22 25
1 23 380
1 24 228
1 25 221
1 26 32
1 33 35
1 35 22
1 37 128
1 39 45
1 41 170
1 46 141
1 47 75
1 48 113
1 49 136
1 53 5
1 55 81
1 59 38
1 60 76
1 61 164
1 62 187
1 63 24
1 65 38
1 66 238
1 70 26
1 73 160
1 75 35
1 77 143
1 78 116
1 79 33
1 82 178
1 83 76
1 87 160
1 88 108
1 90 5
1 92 381
1 93 171
1 95 349
1 96 146
2 0 403
2 1 161
2 2 21
2 3 174
2 5 50
2 6 110
2 7 150
2 8 414
2 9 21
2 11 544
2 14 30
2 16 333
2 17 45
2 18 140
2 19 84
2 20 14
2 21 147
2 22 128
2 23 329
2 24 230
2 25 270
2 27 201
2 28 144
2 29 260
2 30 112
2 31 70
2 33 80
2 36 195
2 37 153
2 38 30
2 40 285
2 41 14
2 42 196
2 43 385
2 44 339
2 45 670
2 47 190
2 50 284
2 51 74
2 52 160
2 54 399
2 55 40
2 56 238
2 58 104
2 59 256
2 60 80
2 62 131
2 63 195
2 64 84
2 67 84
2 68 84
2 70 35
2 72 197
2 74 130
2 75 190
2 78 63
2 80 78
2 81 60
2 82 42
2 83 436
2 84 25
2 85 295
2 86 21
2 89 180
2 90 126
2 91 262
2 93 160
2 94 140
2 95 351
2 98 14
2 99 68
3 3 100
3 4 16
3 5 130
3 7 228
3 9 133
3 10 38
3 12 140
3 15 381
3 16 30
3 17 220
3 18 114
3 21 57
3 24 30
3 25 276
3 27 19
3 29 190
3 32 38
3 37 323
3 39 180
3 42 197
3 43 20
3 48 35
3 55 342
3 57 190
3 62 152
3 63 136
3 67 100
3 68 14
3 69 126
3 73 105
3 78 140
3 81 64
3 86 150
3 89 150
3 92 28
3 93 100
3 95 133
3 99 21
4 0 56
4 1 224
4 2 300
4 3 214
4 5 2
4 6 24
4 7 93
4 9 153
4 10 316
4 11 112
4 16 460
4 17 3
4 19 90
4 21 258
4 24 105
4 25 80
4 26 195
4 27 48
4 28 54
4 30 65
4 31 118
4 33 127
4 35 304
4 36 133
4 37 2
4 38 205
4 39 345
4 40 73
4 43 17
4 44 79
4 45 61
4 46 80
4 49 30
4 51 4
4 53 86
4 54 36
4 55 4
4 56 7
4 57 10
4 62 177
4 63 73
4 65 49
4 67 60
4 68 165
4 70 330
4 72 30
4 74 40
4 75 188
4 77 60
4 79 60
4 81 84
4 83 120
4 84 74
4 85 9
4 88 288
4 89 72
4 91 282
4 92 51
4 93 288
4 94 48
4 95 255
4 98 350
4 99 300
5 0 380
5 1 228
5 3 190
5 4 234
5 6 196
5 9 124
5 11 168
5 12 116
5 13 225
5 16 66
5 17 399
5 19 162
5 21 136
5 22 258
5 23 28
5 27 106
5 28 76
5 29 308
5 30 225
5 31 360
5 32 38
5 33 36
5 34 136
5 35 182
5 36 247
5 37 228
5 38 352
5 39 135
5 40 457
5 41 62
5 43 435
5 44 133
5 45 259
5 46 384
5 47 64
5 49 468
5 50 78
5 53 141
5 54 234
5 55 12
5 57 18
5 58 40
5 59 266
5 60 816
5 62 190
5 63 355
5 64 204
5 65 18
5 66 32
5 67 120
5 68 152
5 70 65
5 72 63
5 76 78
5 77 78
5 78 108
5 80 24
5 81 351
5 82 114
5 83 84
5 84 194
5 85 171
5 86 208
5 88 152
5 89 30
5 90 42
5 91 72
5 92 266
5 94 240
5 95 190
5 96 269
5 97 12
5 98 465
5 99 291
6 0 244
6 1 258
6 2 260
6 3 306
6 5 297
6 6 219
6 8 80
6 9 405
6 14 182
6 16 227
6 17 441
6 18 247
6 21 302
6 22 140
6 23 60
6 24 136
6 25 300
6 26 364
6 27 360
6 28 168
6 29 285
6 31 252
6 32 36
6 33 251
6 34 60
6 36 239
6 38 210
6 39 531
6 41 120
6 42 572
6 43 30
6 44 328
6 46 112
6 47 180
6 49 240
6 50 390
6 51 270
6 54 40
6 55 110
6 57 395
6 60 288
6 62 417
6 63 182
6 64 495
6 65 248
6 67 468
6 68 353
6 69 160
6 71 262
6 73 224
6 76 195
6 77 374
6 78 312
6 79 130
6 82 330
6 83 122
6 86 225
6 88 246
6 89 225
6 91 182
6 92 236
6 93 450
6 95 221
6 96 206
6 98 394
6 99 708
7 0 53
7 1 14
7 4 10
7 6 50
7 8 102
7 9 20
7 11 63
7 14 88
7 15 64
7 16 92
7 17 90
7 18 76
7 21 4
7 23 119
7 26 60
7 27 32
7 28 20
7 30 60
7 31 65
7 32 39
7 35 192
7 40 15
7 41 40
7 43 15
7 44 148
7 46 56
7 53 210
7 58 9
7 59 32
7 62 159
7 63 85
7 66 180
7 69 60
7 71 135
7 72 96
7 74 22
7 76 60
7 79 244
7 81 40
7 83 35
7 84 64
7 88 40
7 90 63
7 91 20
7 92 70
7 96 8
7 97 210
7 98 250
8 0 108
8 1 270
8 4 16
8 7 252
8 8 550
8 10 117
8 11 24
8 12 300
8 13 153
8 15 96
8 17 150
8 19 238
8 21 305
8 23 574
8 25 221
8 26 114
8 27 120
8 28 340
8 30 108
8 32 174
8 35 238
8 37 124
8 38 114
8 39 90
8 42 185
8 47 355
8 48 465
8 49 187
8 50 102
8 51 323
8 52 84
8 54 306
8 55 117
8 57 168
8 58 156
8 60 306
8 61 228
8 62 178
8 63 136
8 65 34
8 67 156
8 68 270
8 69 426
8 70 85
8 72 255
8 73 261
8 74 39
8 75 96
8 77 230
8 79 198
8 81 64
8 82 71
8 84 276
8 86 272
8 91 156
8 92 60
8 94 247
8 95 39
8 96 406
8 99 366
9 0 257
9 1 266
9 3 30
9 4 272
9 7 60
9 8 18
9 10 209
9 11 133
9 12 192
9 13 240
9 15 63
9 16 542
9 17 379
9 18 45
9 23 80
9 24 52
9 25 212
9 27 27
9 31 133
9 32 54
9 35 397
9 36 192
9 38 16
9 40 57
9 41 90
9 43 141
9 44 378
9 45 186
9 46 71
9 48 75
9 49 36
9 56 128
9 59 96
9 61 27
9 62 120
9 63 39
9 66 126
9 70 285
9 71 192
9 72 176
9 77 52
9 79 12
9 81 224
9 83 38
9 84 183
9 85 27
9 88 508
9 91 72
9 92 279
9 93 342
9 95 183
9 96 72
9 98 405
10 2 320
10 3 192
10 4 300
10 5 2
10 6 331
10 7 75
10 9 179
10 10 10
10 12 25
10 13 8
10 15 75
10 16 353
10 18 30
10 19 216
10 21 466
10 22 15
10 23 360
10 24 112
10 25 20
10 26 208
10 27 11
10 28 143
10 30 180
10 32 77
10 33 22
10 36 398
10 37 87
10 38 3
10 39 272
10 42 50
10 43 100
10 47 165
10 48 280
10 49 202
10 51 4
10 55 94
10 58 220
10 59 143
10 60 92
10 62 322
10 64 208
10 67 64
10 68 176
10 73 20
10 74 13
10 76 13
10 77 181
10 79 64
10 80 187
10 81 6
10 82 144
10 83 207
10 84 12
10 87 176
10 89 18
10 90 7
10 91 224
10 93 162
10 95 307
10 96 6
10 98 19
10 99 320
11 0 36
11 1 28
11 2 157
11 3 238
11 4 56
11 6 291
11 7 480
11 8 117
11 9 20
11 11 126
11 12 187
11 14 239
11 15 133
11 16 38
11 17 414
11 18 349
11 19 85
11 20 143
11 21 8
11 22 55
11 23 238
11 24 421
11 25 247
11 26 165
11 27 105
11 28 16
11 29 76
11 31 134
11 32 4
11 33 167
11 34 159
11 36 221
11 38 221
11 39 99
11 40 32
11 41 190
11 42 117
11 43 36
11 44 344
11 45 24
11 46 213
11 47 197
11 48 186
11 49 26
11 50 153
11 53 23
11 54 181
11 55 55
11 58 34
11 59 258
11 60 76
11 61 287
11 62 405
11 65 276
11 66 282
11 67 148
11 68 76
11 69 255
11 71 47
11 74 156
11 75 77
11 76 165
11 77 146
11 78 198
11 79 66
11 81 216
11 82 18
11 83 317
11 84 102
11 86 21
11 87 195
11 88 513
11 89 114
11 90 137
11 91 28
11 92 375
11 95 558
11 96 200
11 98 68
11 99 78
12 1 135
12 2 9
12 3 267
12 4 228
12 5 243
12 6 80
12 7 26
12 11 216
12 16 254
12 17 225
12 19 249
12 23 517
12 24 45
12 25 300
12 28 180
12 29 285
12 31 227
12 36 99
12 38 45
12 39 270
12 40 18
12 42 90
12 43 30
12 44 24
12 46 90
12 49 171
12 54 12
12 57 429
12 58 9
12 60 329
12 63 168
12 64 150
12 65 144
12 67 150
12 70 30
12 72 135
12 73 117
12 77 255
12 78 210
12 79 162
12 81 98
12 82 88
12 85 30
12 86 225
12 89 225
12 91 24
12 93 249
12 94 204
12 96 90
12 98 117
12 99 171
13 0 282
13 1 200
13 2 280
13 4 142
13 6 6
13 7 537
13 8 93
13 9 14
13 10 342
13 11 80
13 15 7
13 16 2
13 17 18
13 18 372
13 20 182
13 21 90
13 22 70
13 24 368
13 25 13
13 27 16
13 28 144
13 29 152
13 30 18
13 31 80
13 33 461
13 35 104
13 38 160
13 39 366
13 40 64
13 41 10
13 43 10
13 45 68
13 46 467
13 47 210
13 48 103
13 49 406
13 50 130
13 52 136
13 53 174
13 54 156
13 55 70
13 58 22
13 59 255
13 60 56
13 61 213
13 62 19
13 65 204
13 66 14
13 67 666
13 70 104
13 73 2
13 75 98
13 77 52
13 78 252
13 81 132
13 82 407
13 83 210
13 84 313
13 86 40
13 88 275
13 89 323
13 90 14
13 91 120
13 92 353
13 94 152
13 95 247
13 96 169
13 99 221
14 0 336
14 1 288
14 2 30
14 3 85
14 4 160
14 5 95
14 7 52
14 8 180
14 9 272
14 14 20
14 15 56
14 16 16
14 17 349
14 18 66
14 19 120
14 20 20
14 21 110
14 23 90
14 25 224
14 31 304
14 35 143
14 36 40
14 38 220
14 40 36
14 41 80
14 42 280
14 43 96
14 44 192
14 45 380
14 46 176
14 48 135
14 50 375
14 52 387
14 53 340
14 54 714
14 56 704
14 57 180
14 58 100
14 59 290
14 60 542
14 61 24
14 62 88
14 64 487
14 65 180
14 66 172
14 67 68
14 68 120
14 70 323
14 72 48
14 74 96
14 75 70
14 76 60
14 77 340
14 78 95
14 81 52
14 82 99
14 85 176
14 91 48
14 92 519
14 94 271
14 95 136
14 96 184
14 98 20
15 0 315
15 2 9
15 3 72
15 4 81
15 5 171
15 6 72
15 7 380
15 12 32
15 15 153
15 18 35
15 19 195
15 20 365
15 22 303
15 24 323
15 27 291
15 28 487
15 30 9
15 32 42
15 33 133
15 34 39
15 35 28
15 36 119
15 37 135
15 38 54
15 39 422
15 40 162
15 41 78
15 42 335
15 43 205
15 44 118
15 45 260
15 47 642
15 50 160
15 51 205
15 52 100
15 53 19
15 54 342
15 55 95
15 56 170
15 58 50
15 59 268
15 61 285
15 62 96
15 64 271
15 65 117
15 66 135
15 68 177
15 72 90
15 74 117
15 75 277
15 77 256
15 78 342
15 80 272
15 82 36
15 83 208
15 84 140
15 87 256
15 89 135
15 90 46
15 91 56
15 92 279
15 96 191
15 97 54
15 98 140
15 99 156
16 0 99
16 1 164
16 2 380
16 3 228
16 4 219
16 5 266
16 6 15
16 8 393
16 9 379
16 10 371
16 11 307
16 12 220
16 14 56
16 16 35
16 17 368
16 18 203
16 21 337
16 22 84
16 23 937
16 24 183
16 26 247
16 27 219
16 28 133
16 29 22
16 30 98
16 31 305
16 32 28
16 33 85
16 34 36
16 35 4
16 36 207
16 37 72
16 39 347
16 41 72
16 42 191
16 43 35
16 44 261
16 45 10
16 46 248
16 47 108
16 48 391
16 49 247
16 51 156
16 52 294
16 53 260
16 54 24
16 55 162
16 56 449
16 57 28
16 58 100
16 59 130
16 60 331
16 61 38
16 62 265
16 64 224
16 66 10
16 67 154
16 68 519
16 69 198
16 70 126
16 73 206
16 74 54
16 75 16
16 76 168
16 77 238
16 79 76
16 82 187
16 83 171
16 84 308
16 85 182
16 86 2
16 90 173
16 91 534
16 92 272
16 94 342
16 95 407
16 96 260
16 97 10
16 98 7
16 99 567
17 0 42
17 1 202
17 2 24
17 3 68
17 6 168
17 7 260
17 8 282
17 10 143
17 11 99
17 12 45
17 13 24
17 15 70
17 16 313
17 17 180
17 18 60
17 21 43
17 22 129
17 24 13
17 25 195
17 27 54
17 28 234
17 31 91
17 32 87
17 33 18
17 35 407
17 36 236
17 41 100
17 43 120
17 44 310
17 45 414
17 46 70
17 47 555
17 48 141
17 49 37
17 50 57
17 54 56
17 59 234
17 60 60
17 61 30
17 62 218
17 64 106
17 66 300
17 70 223
17 75 341
17 76 39
17 77 303
17 78 76
17 80 306
17 82 17
17 83 481
17 84 273
17 86 4
17 87 288
17 88 481
17 89 15
17 90 21
17 91 96
17 92 346
17 93 474
17 95 365
17 96 280
17 98 375
18 1 107
18 2 7
18 4 289
18 5 323
18 6 77
18 8 76
18 9 288
18 11 117
18 12 315
18 13 354
18 15 119
18 17 330
18 19 429
18 20 75
18 21 15
18 22 203
18 23 581
18 24 176
18 27 528
18 28 360
18 30 583
18 31 200
18 32 30
18 34 48
18 35 344
18 38 366
18 39 423
18 40 347
18 41 96
18 42 645
18 44 297
18 46 353
18 47 177
18 48 75
18 49 579
18 51 236
18 52 60
18 53 594
18 54 130
18 55 237
18 56 306
18 57 36
18 58 13
18 59 541
18 60 583
18 61 361
18 62 18
18 63 441
18 64 342
18 65 397
18 67 72
18 68 189
18 69 270
18 70 247
18 71 99
18 72 270
18 73 225
18 74 28
18 77 153
18 78 247
18 82 275
18 83 65
18 85 316
18 88 304
18 90 138
18 91 176
18 92 60
18 95 150
18 96 226
18 97 246
18 99 237
19 0 12
19 1 206
19 2 56
19 3 42
19 5 70
19 6 161
19 7 148
19 8 79
19 10 260
19 12 33
19 13 347
19 14 15
19 15 252
19 16 390
19 18 60
19 19 15
19 20 78
19 22 210
19 23 300
19 24 102
19 25 102
19 27 360
19 28 200
19 31 270
19 32 327
19 33 420
19 35 125
19 36 251
19 38 397
19 39 58
19 42 16
19 43 120
19 44 156
19 45 120
19 46 80
19 47 90
19 48 34
19 49 353
19 50 252
19 51 15
19 53 45
19 55 195
19 56 13
19 59 133
19 61 245
19 63 130
19 65 289
19 67 190
19 68 45
19 69 295
19 70 213
19 71 40
19 73 177
19 75 370
19 77 160
19 78 299
19 79 22
19 82 307
19 83 50
19 84 240
19 87 90
19 88 216
19 89 54
19 90 186
19 91 96
19 92 216
19 93 490
19 95 4
19 96 18
19 97 234
19 98 434
19 99 26
20 0 270
20 1 210
20 4 40
20 6 267
20 7 211
20 8 110
20 9 260
20 12 72
20 17 144
20 21 171
20 23 153
20 24 371
20 27 40
20 28 156
20 29 640
20 31 120
20 33 600
20 39 121
20 40 176
20 42 10
20 43 190
20 44 228
20 45 291
20 46 41
20 47 363
20 48 238
20 49 509
20 50 323
20 54 128
20 55 209
20 57 57
20 59 432
20 60 88
20 62 86
20 65 192
20 67 468
20 69 70
20 71 99
20 72 224
20 73 80
20 75 190
20 77 608
20 79 199
20 80 370
20 82 451
20 83 142
20 84 272
20 85 154
20 87 128
20 88 429
20 89 304
20 91 518
20 92 304
20 93 540
20 95 40
20 97 176
20 98 152
20 99 534
21 0 168
21 1 451
21 2 451
21 4 190
21 6 91
21 7 49
21 8 286
21 9 256
21 11 387
21 12 105
21 13 260
21 15 24
21 16 109
21 17 160
21 18 27
21 20 108
21 21 14
21 23 57
21 24 403
21 25 78
21 27 81
21 28 171
21 29 475
21 30 91
21 31 420
21 32 216
21 33 342
21 36 72
21 38 30
21 39 132
21 40 180
21 41 6
21 43 306
21 45 57
21 46 293
21 47 19
21 48 54
21 49 336
21 50 233
21 53 408
21 54 11
21 55 282
21 56 371
21 59 325
21 60 606
21 62 228
21 63 36
21 64 220
21 67 389
21 70 78
21 72 57
21 73 89
21 75 52
21 76 48
21 77 414
21 78 201
21 79 57
21 80 153
21 81 27
21 82 311
21 83 12
21 84 9
21 85 488
21 86 56
21 87 24
21 88 85
21 89 36
21 91 405
21 92 96
21 93 260
21 95 153
21 96 158
21 97 45
21 98 30
21 99 390
22 0 72
22 1 180
22 4 57
22 6 21
22 7 181
22 8 210
22 9 291
22 12 36
22 15 7
22 16 2
22 17 198
22 21 105
22 22 21
22 23 40
22 25 25
22 26 60
22 27 54
22 28 208
22 30 135
22 31 253
22 34 9
22 37 30
22 39 6
22 40 9
22 41 28
22 42 65
22 44 12
22 46 7
22 47 27
22 48 209
22 49 206
22 50 182
22 51 53
22 52 105
22 53 393
22 54 12
22 55 154
22 56 354
22 57 210
22 58 195
22 59 180
22 60 141
22 61 288
22 62 11
22 64 21
22 66 14
22 67 267
22 68 369
22 69 284
22 70 15
22 72 30
22 73 45
22 75 120
22 79 132
22 81 13
22 82 232
22 85 144
22 91 177
22 92 13
22 93 140
22 95 17
22 96 35
22 98 266
22 99 192
23 0 135
23 1 150
23 5 12
23 7 230
23 9 160
23 11 30
23 14 24
23 15 132
23 16 36
23 17 100
23 18 30
23 21 68
23 22 84
23 23 178
23 24 200
23 25 80
23 27 108
23 28 108
23 30 56
23 33 64
23 34 96
23 35 65
23 36 40
23 37 12
23 38 118
23 40 14
23 43 14
23 48 170
23 49 6
23 50 102
23 51 24
23 52 101
23 53 396
23 55 24
23 56 200
23 58 16
23 59 148
23 60 85
23 62 114
23 67 40
23 69 50
23 70 221
23 71 126
23 74 78
23 76 96
23 77 120
23 78 150
23 79 110
23 80 78
23 81 36
23 82 50
23 84 6
23 85 80
23 87 30
23 89 118
23 90 60
23 92 193
23 94 85
23 97 364
23 98 242
23 99 130
24 1 162
24 2 60
24 3 36
24 4 144
24 6 119
24 9 27
24 10 380
24 13 162
24 16 380
24 21 51
24 24 293
24 26 39
24 31 270
24 33 307
24 35 252
24 36 24
24 38 394
24 39 238
24 40 272
24 41 18
24 46 125
24 47 51
24 49 315
24 50 108
24 53 57
24 54 324
24 55 323
24 56 19
24 60 666
24 62 33
24 64 180
24 67 12
24 68 33
24 70 90
24 71 153
24 72 9
24 75 380
24 77 306
24 79 12
24 81 81
24 82 54
24 83 48
24 84 99
24 85 274
24 86 288
24 89 38
24 91 314
24 95 51
24 96 414
24 97 272
24 98 95
24 99 114
25 0 249
25 1 320
25 2 271
25 3 174
25 4 244
25 5 475
25 6 4
25 7 84
25 9 108
25 10 285
25 11 128
25 13 140
25 14 60
25 15 170
25 17 114
25 18 464
25 19 186
25 20 62
25 21 263
25 22 130
25 23 384
25 24 292
25 26 156
25 27 133
25 28 172
25 30 262
25 32 61
25 33 102
25 34 342
25 36 135
25 37 60
25 38 60
25 39 284
25 40 237
25 42 56
25 43 282
25 44 51
25 45 229
25 47 152
25 48 393
25 49 489
25 50 272
25 51 40
25 52 40
25 53 57
25 54 349
25 55 28
25 56 310
25 58 115
25 59 402
25 60 473
25 62 248
25 63 47
25 64 260
25 66 136
25 67 48
25 68 517
25 69 15
25 74 40
25 76 180
25 78 90
25 79 48
25 82 522
25 83 48
25 84 3
25 85 27
25 86 85
25 87 48
25 88 66
25 90 30
25 91 196
25 92 309
25 95 210
25 96 49
25 97 88
25 98 19
25 99 240
26 0 304
26 1 192
26 2 208
26 3 226
26 4 85
26 5 510
26 6 104
26 7 132
26 8 320
26 9 357
26 10 28
26 12 220
26 15 325
26 16 287
26 17 215
26 18 66
26 19 459
26 20 132
26 21 33
26 22 138
26 23 576
26 24 21
26 25 364
26 26 13
26 27 65
26 29 133
26 30 9
26 32 22
26 34 29
26 36 132
26 37 187
26 38 114
26 39 132
26 40 382
26 41 18
26 42 166
26 43 360
26 44 243
26 47 27
26 48 55
26 49 228
26 51 75
26 53 18
26 54 492
26 55 352
26 57 659
26 58 12
26 60 56
26 62 363
26 64 489
26 65 320
26 67 70
26 68 49
26 69 198
26 70 180
26 71 14
26 72 138
26 73 321
26 74 180
26 78 336
26 79 216
26 82 148
26 86 105
26 89 105
26 90 27
26 91 209
26 92 316
26 93 196
26 94 126
26 95 77
26 96 77
26 97 54
26 98 156
26 99 297
27 0 156
27 1 304
27 2 483
27 3 172
27 4 339
27 5 30
27 6 63
27 7 388
27 8 12
27 9 545
27 10 410
27 12 166
27 13 3
27 14 164
27 15 225
27 16 500
27 17 22
27 18 106
27 20 84
27 21 232
27 22 36
27 24 161
27 25 216
27 26 323
27 27 15
27 28 551
27 29 380
27 31 232
27 32 42
27 33 411
27 35 353
27 36 188
27 37 345
27 38 304
27 39 187
27 40 312
27 42 151
27 43 290
27 44 28
27 45 52
27 46 240
27 47 285
27 48 5
27 49 132
27 52 24
27 53 156
27 55 472
27 56 219
27 58 24
27 59 376
27 60 153
27 61 57
27 62 396
27 63 76
27 65 57
27 66 300
27 67 260
27 68 123
27 69 18
27 70 81
27 72 202
27 73 15
27 75 380
27 77 352
27 78 103
27 79 428
27 80 323
27 81 180
27 82 39
27 83 291
27 84 4
27 85 164
27 87 576
27 88 48
27 89 122
27 91 543
27 92 4
27 95 412
27 96 12
27 98 95
27 99 303
28 0 290
28 1 24
28 4 64
28 6 28
28 7 380
28 8 551
28 9 12
28 10 247
28 11 400
28 12 524
28 13 171
28 15 133
28 16 178
28 17 532
28 18 234
28 19 84
28 20 70
28 21 35
28 23 96
28 24 200
28 25 247
28 27 56
28 28 364
28 30 140
28 31 120
28 32 38
28 33 78
28 34 133
28 35 266
28 36 80
28 41 190
28 42 59
28 44 12
28 46 133
28 48 323
28 49 479
28 50 131
28 52 120
28 54 342
28 56 119
28 57 3
28 58 128
28 59 120
28 60 342
28 61 57
28 62 209
28 63 56
28 66 266
28 68 38
28 69 527
28 70 95
28 72 60
28 73 285
28 77 15
28 82 162
28 83 361
28 84 76
28 85 200
28 86 304
28 88 376
28 90 96
28 92 323
28 93 20
28 95 770
28 96 538
28 98 105
28 99 114
29 0 367
29 1 296
29 2 179
29 3 130
29 4 702
29 5 583
29 7 65
29 8 80
29 9 159
29 11 180
29 12 216
29 14 236
29 15 340
29 16 39
29 17 345
29 18 271
29 19 300
29 22 362
29 23 369
29 24 39
29 25 260
29 26 210
29 27 84
29 28 185
29 29 718
29 30 64
29 31 405
29 35 136
29 36 346
29 38 120
29 39 252
29 40 523
29 42 72
29 43 37
29 44 571
29 46 500
29 49 50
29 51 80
29 52 180
29 53 154
29 54 280
29 56 90
29 57 327
29 58 192
29 59 180
29 61 99
29 62 246
29 64 400
29 65 80
29 66 186
29 67 350
29 69 120
29 70 124
29 71 254
29 73 150
29 74 80
29 76 210
29 77 76
29 78 261
29 79 84
29 81 285
29 82 236
29 86 205
29 87 85
29 89 321
29 90 214
29 91 45
29 92 68
29 93 130
29 95 208
29 96 375
29 97 324
29 98 121
29 99 50
30 1 252
30 2 128
30 3 150
30 5 195
30 7 16
30 8 280
30 9 18
30 11 237
30 12 168
30 16 129
30 17 225
30 20 168
30 21 140
30 22 84
30 23 409
30 24 409
30 25 300
30 28 80
30 29 285
30 30 180
30 31 85
30 32 28
30 35 224
30 36 32
30 37 114
30 39 286
30 41 12
30 42 64
30 43 30
30 44 204
30 46 32
30 49 128
30 52 284
30 57 565
30 58 277
30 60 54
30 61 468
30 64 72
30 66 210
30 67 410
30 68 400
30 70 80
30 71 136
30 72 316
30 73 60
30 75 160
30 77 208
30 78 544
30 79 300
30 83 85
30 84 120
30 86 225
30 89 337
30 90 273
30 91 436
30 93 150
30 94 120
30 95 160
30 96 24
31 0 269
31 1 210
31 2 484
31 3 533
31 4 88
31 6 270
31 8 198
31 9 315
31 12 180
31 14 150
31 15 48
31 16 327
31 19 486
31 20 210
31 21 215
31 22 120
31 23 350
31 24 70
31 26 155
31 27 70
31 30 195
31 31 150
31 32 12
31 33 214
31 34 456
31 35 160
31 36 497
31 38 450
31 39 425
31 40 200
31 43 180
31 44 220
31 45 306
31 46 336
31 47 342
31 48 60
31 50 245
31 52 150
31 53 195
31 54 266
31 55 140
31 56 153
31 57 30
31 58 160
31 59 150
31 60 36
31 62 661
31 63 476
31 64 481
31 65 174
31 66 388
31 67 478
31 68 110
31 69 235
31 70 165
31 71 100
31 72 60
31 73 192
31 75 608
31 77 367
31 78 361
31 79 65
31 80 60
31 81 32
31 82 202
31 83 100
31 88 100
31 90 120
31 91 330
31 93 369
31 95 224
31 96 341
31 98 135
31 99 350
32 0 662
32 1 497
32 2 294
32 3 186
32 4 370
32 6 96
32 7 224
32 8 300
32 9 7
32 10 300
32 11 306
32 16 508
32 17 282
32 18 144
32 21 9
32 22 126
32 23 1147
32 24 234
32 25 180
32 27 356
32 28 516
32 29 340
32 31 70
32 32 112
32 33 393
32 34 210
32 36 561
32 38 375
32 39 184
32 40 227
32 41 108
32 42 462
32 43 251
32 44 365
32 45 424
32 46 511
32 47 162
32 48 288
32 49 85
32 50 27
32 51 248
32 52 40
32 53 85
32 54 261
32 56 168
32 57 300
32 60 7
32 61 154
32 62 65
32 63 234
32 64 462
32 65 564
32 66 85
32 67 311
32 68 182
32 70 476
32 71 238
32 72 295
32 73 399
32 74 196
32 75 492
32 77 367
32 78 310
32 80 6
32 81 105
32 82 25
32 83 187
32 84 9
32 85 81
32 86 17
32 87 128
32 88 176
32 89 406
32 90 17
32 91 82
32 92 683
32 94 77
32 95 203
32 96 233
32 97 85
32 98 326
32 99 329
33 0 9
33 4 332
33 5 247
33 8 143
33 9 300
33 10 133
33 11 288
33 12 38
33 13 27
33 14 112
33 15 133
33 17 261
33 18 18
33 19 224
33 20 7
33 21 183
33 23 558
33 25 169
33 26 247
33 28 255
33 29 176
33 32 7
33 33 6
33 34 879
33 35 42
33 36 524
33 39 40
33 42 98
33 43 139
33 44 160
33 45 133
33 46 192
33 47 562
33 48 137
33 49 130
33 50 130
33 51 247
33 52 70
33 53 363
33 54 187
33 56 308
33 57 266
33 58 70
33 59 387
33 60 187
33 62 509
33 64 160
33 65 26
33 66 108
33 67 280
33 68 175
33 70 75
33 73 240
33 76 36
33 77 594
33 80 323
33 82 49
33 83 247
33 84 12
33 86 64
33 87 304
33 90 16
33 92 45
33 96 317
33 97 80
33 98 7
33 99 289
34 0 247
34 1 210
34 2 90
34 3 278
34 4 24
34 5 334
34 6 98
34 7 42
34 8 15
34 9 30
34 10 210
34 11 105
34 12 480
34 13 195
34 14 229
34 15 175
34 16 338
34 17 599
34 18 27
34 19 35
34 20 99
34 21 15
34 23 273
34 25 322
34 26 180
34 27 346
34 30 90
34 31 141
34 32 57
34 34 120
34 35 420
34 36 91
34 37 212
34 38 131
34 40 85
34 41 198
34 42 228
34 43 60
34 44 120
34 45 102
34 46 133
34 48 448
34 49 147
34 50 63
34 52 60
34 53 108
34 55 128
34 56 165
34 57 84
34 59 44
34 60 254
34 61 57
34 62 249
34 63 264
34 64 30
34 65 84
34 66 266
34 68 51
34 69 429
34 70 385
34 71 214
34 72 16
34 73 530
34 74 3
34 76 132
34 77 210
34 78 45
34 79 50
34 80 120
34 81 36
34 82 145
34 83 116
34 84 148
34 87 284
34 88 587
34 91 38
34 92 786
34 93 270
34 94 99
34 95 496
34 96 239
34 98 278
34 99 126
35 2 1
35 3 341
35 4 187
35 5 95
35 6 4
35 7 1
35 10 100
35 13 170
35 14 490
35 15 70
35 16 100
35 18 380
35 19 13
35 22 50
35 23 88
35 24 13
35 26 370
35 27 394
35 30 306
35 33 80
35 36 11
35 38 285
35 41 40
35 42 170
35 44 529
35 46 2
35 49 479
35 50 220
35 53 15
35 55 34
35 56 5
35 57 16
35 58 1
35 60 316
35 62 320
35 64 160
35 67 266
35 70 224
35 71 440
35 72 191
35 73 13
35 75 100
35 76 300
35 77 167
35 78 25
35 79 211
35 80 168
35 81 180
35 82 253
35 83 80
35 84 60
35 87 25
35 88 280
35 89 10
35 90 50
35 96 40
35 97 99
35 98 38
35 99 149
36 1 126
36 4 352
36 5 36
36 6 69
36 7 322
36 14 18
36 21 63
36 22 18
36 23 7
36 24 90
36 25 60
36 29 20
36 30 144
36 31 214
36 33 48
36 37 36
36 38 54
36 39 33
36 40 84
36 42 68
36 43 90
36 44 48
36 45 3
36 46 87
36 47 9
36 48 224
36 49 160
36 50 12
36 51 72
36 52 12
36 54 24
36 55 129
36 58 188
36 59 36
36 60 338
36 62 66
36 64 204
36 70 81
36 71 91
36 72 11
36 73 16
36 74 234
36 77 238
36 80 6
36 81 160
36 83 2
36 84 18
36 85 70
36 89 264
36 91 114
36 96 84
36 97 48
36 99 52
37 0 193
37 1 21
37 2 140
37 3 84
37 4 238
37 5 76
37 6 190
37 7 275
37 8 217
37 9 127
37 10 121
37 12 126
37 13 4
37 14 128
37 18 72
37 19 292
37 20 180
37 21 300
37 22 49
37 23 104
37 24 550
37 25 26
37 26 91
37 27 343
37 28 32
37 29 247
37 31 235
37 33 31
37 34 414
37 35 44
37 36 126
37 37 56
37 38 54
37 39 309
37 40 360
37 41 42
37 42 335
37 45 190
37 46 286
37 47 145
37 49 273
37 50 160
37 51 201
37 52 205
37 54 204
37 55 421
37 56 459
37 58 170
37 59 273
37 61 126
37 62 87
37 63 136
37 64 49
37 65 80
37 67 158
37 68 200
37 69 325
37 70 52
37 71 154
37 74 457
37 77 407
37 78 52
37 79 59
37 81 423
37 82 157
37 83 198
37 84 302
37 85 224
37 87 150
37 88 64
37 89 234
37 90 84
37 91 354
37 94 231
37 95 366
37 96 244
37 97 256
37 98 265
37 99 224
38 0 561
38 1 228
38 4 4
38 5 10
38 8 753
38 10 6
38 11 180
38 14 320
38 15 7
38 16 63
38 18 152
38 19 42
38 20 120
38 21 65
38 24 90
38 25 39
38 26 133
38 27 92
38 28 211
38 30 63
38 33 225
38 34 20
38 37 150
38 39 200
38 43 154
38 44 128
38 45 60
38 47 51
38 51 57
38 53 18
38 54 120
38 57 394
38 58 13
38 59 277
38 62 128
38 65 566
38 66 150
38 67 270
38 74 143
38 76 120
38 77 30
38 79 74
38 82 48
38 84 255
38 85 90
38 88 75
38 89 285
38 92 503
38 95 54
38 96 30
38 99 195
39 0 240
39 3 56
39 4 87
39 5 375
39 9 3
39 11 165
39 14 60
39 15 120
39 16 90
39 17 105
39 18 96
39 21 160
39 22 28
39 23 270
39 27 296
39 28 270
39 29 57
39 31 30
39 34 12
39 35 208
39 38 340
39 39 8
39 40 24
39 41 28
39 42 60
39 44 154
39 46 100
39 47 36
39 48 285
39 49 26
39 50 395
39 51 52
39 52 352
39 54 8
39 56 300
39 60 112
39 62 285
39 63 70
39 64 28
39 65 60
39 67 226
39 68 76
39 70 244
39 72 128
39 76 420
39 77 12
39 78 300
39 80 195
39 81 93
39 82 339
39 83 8
39 84 6
39 91 68
39 92 767
39 94 357
39 95 30
39 96 43
39 97 225
39 99 48
40 1 57
40 2 381
40 3 156
40 4 28
40 6 20
40 7 439
40 8 247
40 9 177
40 11 340
40 14 24
40 15 128
40 16 282
40 18 3
40 19 60
40 20 260
40 21 221
40 22 100
40 23 100
40 24 561
40 26 169
40 28 498
40 29 182
40 30 91
40 31 75
40 33 405
40 36 104
40 38 60
40 39 497
40 41 12
40 46 120
40 47 314
40 49 243
40 50 311
40 51 3
40 53 84
40 54 8
40 55 133
40 56 80
40 60 20
40 61 300
40 62 447
40 67 308
40 68 152
40 69 48
40 72 6
40 73 56
40 75 140
40 76 256
40 78 680
40 79 52
40 80 292
40 81 54
40 82 158
40 83 76
40 84 18
40 85 130
40 87 51
40 90 20
40 91 257
40 92 288
40 93 75
40 95 299
40 96 72
40 97 240
40 98 57
40 99 260
41 0 372
41 1 270
41 2 280
41 3 80
41 4 80
41 5 124
41 6 140
41 7 424
41 8 150
41 9 288
41 12 260
41 13 400
41 16 108
41 17 340
41 23 20
41 24 24
41 25 310
41 26 16
41 27 70
41 29 152
41 31 150
41 32 336
41 35 224
41 36 100
41 37 64
41 39 384
41 42 4
41 43 40
41 44 36
41 46 300
41 48 362
41 49 20
41 52 150
41 53 520
41 54 80
41 55 28
41 56 306
41 57 152
41 58 160
41 59 330
41 60 90
41 63 12
41 64 48
41 66 210
41 67 432
41 68 8
41 69 252
41 70 150
41 72 124
41 73 160
41 74 24
41 75 80
41 78 112
41 79 428
41 82 278
41 83 190
41 85 144
41 86 120
41 87 80
41 88 270
41 89 120
41 90 120
41 91 120
41 92 96
41 93 480
41 94 21
41 95 150
41 96 80
41 99 220
42 1 270
42 4 98
42 5 208
42 6 198
42 7 183
42 8 198
42 10 120
42 11 36
42 13 162
42 15 140
42 16 234
42 18 142
42 23 247
42 24 13
42 26 260
42 27 41
42 32 121
42 33 306
42 34 400
42 35 272
42 36 85
42 38 270
42 43 130
42 44 65
42 45 603
42 46 306
42 47 342
42 48 234
42 49 206
42 50 162
42 52 320
42 53 360
42 54 324
42 57 280
42 60 324
42 63 262
42 64 130
42 65 240
42 67 342
42 68 160
42 70 234
42 73 288
42 75 342
42 77 301
42 78 195
42 79 3
42 81 12
42 83 90
42 84 172
42 86 288
42 87 104
42 88 143
42 91 312
42 92 272
42 93 288
42 94 34
42 96 602
42 98 35
42 99 54
43 0 280
43 1 488
43 2 164
43 3 172
43 4 468
43 6 112
43 7 372
43 8 108
43 9 45
43 10 456
43 11 112
43 12 328
43 13 300
43 14 40
43 16 884
43 17 260
43 18 72
43 19 40
43 21 85
43 22 49
43 23 652
43 24 35
43 25 80
43 26 65
43 27 142
43 28 400
43 31 352
43 32 56
43 33 365
43 34 21
43 35 304
43 36 144
43 38 468
43 39 99
43 41 42
43 42 305
43 44 300
43 45 200
43 46 160
43 47 63
43 48 248
43 49 24
43 50 96
43 51 91
43 53 42
43 54 14
43 56 174
43 59 120
43 60 304
43 62 55
43 63 104
43 64 289
43 65 192
43 67 172
43 68 118
43 69 120
43 70 240
43 71 256
43 72 520
43 73 128
43 75 280
43 77 400
43 78 120
43 79 20
43 81 280
43 83 288
43 85 32
43 87 64
43 88 860
43 89 28
43 91 70
43 92 112
43 93 288
43 95 265
43 96 159
43 98 358
43 99 184
44 3 60
44 4 36
44 5 91
44 7 380
44 8 336
44 11 72
44 18 25
44 19 210
44 21 195
44 25 195
44 27 255
44 32 30
44 35 20
44 36 85
44 43 50
44 44 230
44 45 50
44 47 255
44 48 133
44 49 38
44 50 150
44 51 285
44 63 56
44 65 78
44 67 210
44 72 135
44 77 150
44 81 24
44 82 120
44 83 361
44 84 100
44 88 361
44 91 40
44 92 90
44 94 68
44 95 285
44 98 35
45 0 90
45 2 179
45 3 96
45 4 382
45 5 820
45 6 60
45 9 424
45 10 102
45 12 3
45 13 169
45 15 442
45 16 285
45 18 36
45 19 465
45 20 15
45 21 199
45 22 247
45 23 470
45 24 56
45 26 325
45 27 80
45 30 271
45 33 8
45 34 340
45 35 105
45 36 64
45 38 234
45 39 136
45 40 351
45 42 42
45 43 68
45 44 81
45 49 172
45 51 76
45 52 114
45 53 306
45 54 266
45 55 26
45 57 238
45 60 248
45 62 275
45 63 45
45 64 380
45 67 32
45 68 91
45 70 78
45 71 17
45 74 76
45 77 40
45 78 289
45 79 32
45 82 220
45 83 72
45 84 48
45 90 57
45 91 112
45 92 102
45 93 135
45 94 134
45 95 166
45 96 314
45 97 140
45 99 160
46 0 107
46 2 186
46 3 289
46 4 238
46 5 289
46 6 13
46 9 361
46 11 20
46 12 35
46 13 24
46 15 32
46 16 57
46 17 18
46 21 42
46 22 45
46 23 170
46 25 180
46 27 18
46 28 245
46 29 456
46 31 176
46 32 15
46 33 18
46 36 178
46 40 136
46 43 228
46 44 216
46 46 390
46 47 195
46 49 6
46 50 255
46 52 100
46 54 598
46 55 91
46 56 69
46 59 169
46 60 60
46 62 341
46 63 21
46 64 641
46 66 204
46 67 170
46 68 50
46 70 225
46 71 17
46 72 72
46 74 144
46 75 238
46 76 103
46 77 291
46 78 748
46 79 21
46 80 273
46 81 255
46 83 169
46 84 33
46 85 112
46 87 208
46 88 8
46 89 36
46 90 21
46 91 183
46 92 86
46 94 126
46 95 170
46 96 40
46 97 60
46 98 74
46 99 70
47 0 677
47 2 120
47 3 640
47 4 80
47 6 402
47 8 121
47 9 188
47 10 247
47 11 130
47 12 168
47 15 63
47 16 18
47 17 389
47 18 234
47 20 228
47 21 99
47 23 95
47 24 156
47 25 117
47 26 190
47 27 220
47 28 529
47 29 55
47 32 244
47 33 78
47 36 602
47 37 195
47 38 190
47 39 350
47 40 266
47 41 90
47 43 313
47 44 160
47 45 369
47 46 233
47 47 319
47 48 185
47 49 257
47 50 237
47 52 364
47 53 220
47 54 280
47 56 232
47 57 3
47 59 110
47 60 55
47 61 27
47 62 197
47 63 182
47 64 501
47 65 260
47 66 466
47 67 44
47 68 110
47 69 110
47 70 99
47 72 404
47 73 75
47 74 180
47 75 809
47 77 115
47 78 620
47 82 58
47 84 134
47 85 214
47 86 5
47 88 15
47 89 300
47 90 125
47 91 443
47 92 457
47 93 196
47 95 297
47 96 213
47 97 25
47 98 180
47 99 85
48 0 250
48 1 78
48 2 96
48 6 208
48 7 260
48 8 208
48 9 92
48 10 60
48 11 85
48 12 24
48 14 522
48 15 136
48 16 265
48 17 360
48 18 361
48 19 24
48 20 169
48 21 32
48 22 65
48 23 130
48 24 221
48 25 50
48 26 285
48 27 96
48 28 602
48 31 120
48 33 139
48 36 24
48 38 48
48 39 129
48 42 48
48 44 304
48 47 375
48 49 20
48 50 289
48 51 10
48 53 22
48 55 65
48 56 88
48 58 16
48 59 220
48 60 13
48 61 261
48 62 699
48 70 60
48 71 102
48 74 176
48 75 151
48 76 557
48 77 232
48 78 604
48 79 146
48 80 425
48 82 16
48 83 296
48 84 48
48 87 192
48 88 160
48 89 90
48 90 13
48 92 586
48 93 18
48 94 32
48 95 87
48 96 82
48 97 255
48 98 355
48 99 20
49 0 215
49 1 247
49 2 304
49 3 224
49 4 2
49 5 346
49 6 136
49 14 40
49 16 188
49 17 250
49 19 96
49 20 12
49 23 625
49 24 36
49 25 240
49 27 4
49 28 437
49 29 241
49 33 18
49 36 76
49 37 15
49 39 339
49 42 152
49 43 39
49 47 1
49 48 190
49 49 9
49 56 150
49 57 228
49 60 32
49 61 209
49 65 169
49 66 15
49 67 129
49 70 190
49 71 323
49 72 130
49 73 4
49 74 117
49 75 208
49 76 120
49 78 263
49 80 6
49 82 174
49 86 180
49 89 641
49 92 371
49 93 192
49 95 38
49 96 57
49 98 117
50 0 42
50 1 168
50 7 200
50 10 132
50 11 84
50 16 240
50 20 130
50 22 134
50 24 170
50 25 60
50 31 84
50 33 70
50 35 340
50 39 90
50 44 154
50 45 36
50 47 150
50 53 10
50 55 50
50 61 150
50 66 112
50 70 208
50 75 70
50 78 180
50 88 216
50 90 10
50 93 216
50 96 202
50 98 216
51 5 62
51 6 8
51 7 26
51 8 24
51 9 60
51 12 24
51 13 70
51 16 88
51 19 78
51 20 13
51 21 115
51 22 120
51 24 143
51 25 80
51 27 208
51 32 40
51 33 48
51 35 66
51 37 2
51 38 3
51 42 182
51 43 64
51 44 96
51 45 247
51 46 22
51 49 324
51 50 208
51 51 4
51 52 130
51 54 407
51 55 4
51 56 221
51 58 65
51 59 192
51 60 160
51 61 114
51 64 208
51 65 114
51 68 78
51 70 158
51 72 32
51 74 77
51 76 104
51 77 383
51 78 78
51 79 33
51 81 6
51 82 78
51 83 200
51 84 329
51 88 96
51 89 53
51 90 56
51 94 216
51 96 48
51 98 165
52 0 196
52 1 8
52 2 238
52 4 6
52 6 198
52 7 39
52 9 193
52 11 36
52 16 182
52 17 100
52 19 114
52 20 19
52 21 162
52 23 68
52 25 140
52 27 88
52 29 39
52 31 23
52 32 72
52 33 54
52 36 270
52 39 204
52 40 27
52 42 266
52 44 84
52 45 361
52 46 255
52 47 3
52 49 82
52 50 304
52 51 28
52 52 190
52 53 336
52 54 396
52 56 493
52 58 99
52 59 214
52 60 64
52 64 198
52 67 305
52 68 114
52 70 45
52 73 12
52 77 110
52 80 18
52 81 39
52 82 85
52 83 410
52 84 132
52 85 80
52 90 36
52 91 138
52 94 88
52 95 210
52 96 68
52 98 19
52 99 56
53 0 171
53 2 132
53 5 204
53 6 68
53 9 240
53 13 36
53 19 204
53 20 170
53 21 193
53 23 204
53 29 449
53 30 64
53 34 323
53 35 56
53 36 66
53 40 16
53 43 268
53 45 36
53 49 44
53 50 24
53 53 224
53 54 72
53 55 143
53 56 366
53 60 72
53 62 156
53 63 169
53 69 255
53 70 20
53 71 156
53 72 132
53 78 292
53 79 33
53 80 72
53 83 24
53 84 16
53 85 176
53 86 64
53 89 33
53 91 370
53 95 102
53 96 221
53 97 224
53 98 431
53 99 122
54 0 60
54 1 9
54 2 57
54 4 36
54 6 40
54 8 380
54 11 400
54 12 54
54 13 171
54 15 114
54 16 330
54 18 380
54 19 120
54 22 30
54 23 251
54 24 200
54 27 360
54 28 180
54 30 140
54 31 45
54 32 18
54 35 266
54 36 30
54 49 212
54 50 114
54 52 45
54 54 703
54 58 48
54 59 349
54 60 382
54 62 114
54 63 102
54 69 30
54 70 95
54 78 15
54 81 48
54 82 119
54 84 76
54 85 200
54 86 361
54 87 15
54 90 66
54 91 76
54 93 90
54 95 120
54 96 323
54 97 39
54 99 57
55 0 173
55 1 116
55 2 48
55 3 90
55 4 17
55 6 119
55 7 323
55 8 171
55 9 48
55 11 144
55 12 39
55 13 184
55 15 9
55 16 54
55 17 40
55 19 18
55 20 247
55 21 13
55 22 175
55 23 322
55 24 510
55 27 532
55 28 121
55 30 91
55 31 80
55 33 98
55 34 45
55 35 117
55 36 129
55 38 19
55 39 364
55 40 482
55 41 180
55 42 431
55 43 153
55 44 422
55 45 117
55 46 159
55 47 501
55 48 52
55 49 83
55 50 68
55 51 195
55 52 52
55 53 27
55 54 30
55 55 393
55 56 8
55 57 14
55 58 16
55 59 151
55 60 182
55 61 243
55 62 106
55 63 324
55 64 105
55 65 2
55 68 148
55 69 150
55 70 30
55 71 216
55 72 11
55 75 98
55 77 172
55 78 267
55 79 33
55 80 119
55 81 14
55 82 85
55 83 171
55 84 153
55 85 319
55 87 112
55 88 68
55 89 42
55 90 158
55 91 317
55 93 80
55 95 136
55 96 172
55 97 272
55 99 219
56 0 266
56 1 152
56 2 33
56 4 557
56 5 228
56 6 156
56 7 97
56 9 33
56 10 160
56 11 197
56 12 228
56 13 285
56 15 340
56 16 509
56 17 247
56 18 140
56 19 228
56 22 268
56 23 175
56 24 320
56 27 105
56 28 306
56 29 171
56 30 12
56 31 96
56 33 128
56 37 152
56 38 219
56 39 220
56 40 662
56 41 16
56 44 393
56 46 200
56 47 60
56 48 19
56 50 289
56 51 48
56 53 24
56 54 337
56 55 380
56 56 245
56 59 226
56 60 88
56 62 323
56 64 336
56 67 90
56 70 90
56 71 408
56 72 209
56 74 48
56 75 160
56 76 272
56 77 36
56 78 412
56 80 221
56 81 479
56 82 80
56 85 280
56 86 21
56 88 152
56 89 16
56 90 36
56 91 420
56 92 306
56 93 36
56 94 160
56 95 90
56 96 57
56 97 647
56 98 40
57 0 105
57 3 32
57 6 32
57 7 38
57 8 2
57 15 56
57 18 12
57 21 20
57 22 70
57 23 340
57 27 72
57 28 352
57 35 66
57 38 160
57 39 20
57 41 24
57 42 140
57 44 55
57 49 160
57 52 34
57 60 14
57 65 52
57 66 40
57 70 36
57 72 262
57 74 36
57 75 64
57 78 20
57 81 116
57 82 80
57 83 48
57 84 36
57 87 20
57 89 60
57 90 40
57 92 102
57 94 34
57 96 95
57 97 52
57 98 36
58 0 728
58 1 96
58 2 84
58 4 306
58 5 70
58 8 255
58 10 300
58 11 306
58 15 5
58 16 325
58 17 255
58 18 120
58 21 325
58 23 414
58 26 56
58 27 30
58 29 668
58 32 4
58 33 546
58 34 68
58 35 260
58 36 323
58 37 224
58 38 640
58 39 72
58 41 50
58 43 166
58 44 170
58 45 39
58 46 514
58 47 49
58 49 238
58 52 640
58 53 105
58 54 6
58 55 98
58 56 168
58 57 160
58 58 20
58 59 86
58 60 216
58 62 46
58 63 42
58 65 160
58 66 101
58 67 237
58 68 226
58 69 75
58 70 395
58 72 143
58 73 603
58 75 300
58 80 180
58 82 110
58 83 26
58 84 80
58 86 17
58 87 280
58 89 30
58 90 17
58 91 550
58 92 756
58 94 340
58 96 39
58 97 85
58 98 75
58 99 85
59 0 663
59 1 30
59 2 1
59 3 355
59 4 99
59 6 286
59 7 28
59 8 380
59 9 356
59 12 133
59 13 90
59 15 20
59 16 100
59 17 481
59 18 45
59 19 13
59 23 57
59 24 72
59 27 242
59 28 394
59 30 162
59 31 249
59 32 54
59 34 48
59 35 36
59 36 431
59 38 5
59 39 95
59 40 361
59 41 200
59 43 413
59 44 250
59 45 337
59 46 280
59 48 34
59 49 118
59 53 380
59 55 18
59 56 323
59 57 16
59 58 1
59 59 519
59 60 376
59 62 133
59 63 247
59 65 247
59 67 76
59 69 310
59 70 64
59 72 190
59 73 13
59 74 171
59 75 304
59 77 60
59 79 40
59 82 6
59 84 519
59 85 323
59 88 104
59 89 285
59 91 172
59 92 667
59 95 95
59 97 18
59 98 550
59 99 387
60 0 390
60 2 48
60 3 136
60 4 191
60 5 139
60 7 70
60 8 200
60 9 96
60 12 40
60 13 158
60 17 20
60 18 36
60 20 180
60 21 156
60 23 30
60 24 130
60 25 150
60 27 156
60 28 195
60 29 169
60 30 378
60 32 4
60 33 234
60 35 166
60 36 64
60 37 233
60 38 132
60 39 300
60 42 2
60 43 345
60 44 180
60 46 20
60 47 13
60 48 10
60 49 582
60 50 88
60 51 16
60 52 186
60 54 412
60 55 46
60 57 168
60 58 156
60 59 152
60 60 162
60 61 380
60 62 33
60 64 392
60 65 152
60 66 321
60 67 273
60 68 244
60 69 36
60 70 332
60 71 3
60 72 60
60 73 118
60 74 172
60 75 208
60 77 250
60 78 307
60 79 30
60 80 78
60 81 24
60 82 128
60 83 120
60 84 148
60 88 128
60 89 52
60 91 132
60 92 110
60 94 303
60 97 30
60 99 6
61 0 49
61 6 194
61 7 240
61 8 517
61 9 108
61 10 153
61 14 114
61 17 114
61 19 418
61 20 141
61 21 279
61 22 132
61 23 306
61 24 522
61 25 562
61 28 12
61 31 18
61 32 16
61 33 304
61 34 519
61 35 24
61 37 68
61 39 176
61 40 256
61 42 154
61 43 144
61 44 33
61 45 209
61 46 16
61 47 414
61 48 84
61 49 24
61 50 176
61 51 266
61 52 186
61 53 168
61 54 209
61 55 457
61 56 510
61 58 211
61 59 578
61 60 334
61 62 114
61 63 104
61 65 28
61 66 88
61 67 24
61 68 370
61 69 195
61 70 139
61 71 144
61 74 51
61 77 140
61 82 14
61 83 228
61 84 272
61 85 272
61 88 252
61 89 190
61 91 256
61 92 42
61 94 323
61 95 309
61 96 207
61 97 256
61 98 257
62 2 10
62 3 120
62 4 222
62 5 472
62 6 214
62 7 45
62 8 213
62 10 200
62 13 132
62 15 170
62 16 236
62 17 180
62 19 150
62 21 99
62 22 130
62 23 70
62 24 148
62 25 240
62 29 428
62 30 226
62 33 160
62 35 132
62 37 6
62 38 229
62 39 293
62 40 292
62 43 124
62 44 30
62 45 285
62 46 7
62 47 306
62 49 372
62 51 52
62 53 30
62 54 140
62 55 169
62 56 10
62 57 228
62 59 228
62 60 96
62 61 228
62 62 20
62 64 200
62 65 228
62 67 120
62 70 156
62 71 63
62 72 110
62 74 79
62 75 485
62 78 324
62 80 60
62 81 18
62 82 196
62 83 20
62 84 3
62 85 98
62 86 180
62 88 192
62 89 239
62 90 30
62 91 292
62 93 360
62 96 40
62 97 196
62 98 50
63 0 135
63 2 14
63 7 1
63 10 605
63 12 334
63 13 90
63 16 320
63 17 160
63 18 315
63 20 14
63 21 99
63 23 77
63 24 26
63 27 27
63 28 120
63 29 220
63 32 86
63 33 346
63 35 176
63 36 153
63 38 256
63 39 12
63 42 16
63 43 200
63 44 117
63 45 123
63 46 17
63 48 80
63 49 373
63 50 60
63 52 12
63 53 56
63 54 181
63 56 16
63 60 180
63 62 22
63 67 14
63 68 32
63 69 288
63 70 50
63 72 138
63 73 240
63 75 320
63 77 13
63 78 20
63 79 3
63 80 66
63 82 50
63 83 22
63 84 230
63 86 160
63 89 32
63 90 10
63 91 294
63 92 226
63 95 12
63 96 174
63 98 143
63 99 78
64 0 240
64 1 485
64 2 280
64 4 168
64 7 144
64 9 141
64 10 24
64 11 290
64 12 119
64 15 180
64 18 168
64 21 251
64 22 210
64 23 35
64 24 130
64 25 48
64 27 97
64 28 12
64 29 328
64 31 291
64 35 208
64 37 489
64 38 320
64 39 240
64 40 96
64 41 30
64 42 120
64 43 50
64 45 15
64 46 540
64 49 63
64 50 143
64 51 1
64 52 272
64 53 160
64 54 20
64 55 227
64 59 187
64 60 434
64 62 10
64 64 180
64 67 400
64 68 3
64 69 16
64 70 208
64 72 55
64 77 48
64 78 135
64 80 30
64 81 180
64 82 348
64 83 10
64 86 40
64 91 210
64 92 272
64 93 10
64 94 572
64 95 289
64 96 92
64 98 53
64 99 306
65 0 7
65 1 247
65 2 304
65 3 464
65 4 153
65 5 296
65 6 200
65 7 180
65 8 45
65 9 3
65 10 54
65 13 300
65 14 270
65 15 63
65 16 289
65 17 210
65 19 240
65 20 70
65 21 71
65 23 545
65 24 42
65 25 370
65 26 207
65 28 190
65 29 323
65 30 45
65 31 30
65 32 225
65 34 313
65 36 76
65 37 24
65 38 36
65 39 290
65 40 24
65 42 152
65 43 89
65 46 60
65 48 70
65 49 50
65 51 48
65 53 162
65 55 48
65 56 119
65 57 392
65 58 55
65 60 52
65 61 209
65 62 20
65 63 56
65 67 170
65 69 105
65 70 568
65 71 683
65 73 20
65 74 156
65 75 60
65 77 210
65 78 291
65 79 90
65 80 216
65 81 117
65 82 104
65 84 12
65 86 210
65 88 420
65 89 632
65 93 557
65 95 110
65 96 249
65 98 105
66 0 81
66 4 202
66 6 90
66 7 14
66 8 140
66 9 116
66 10 160
66 11 216
66 12 140
66 15 60
66 16 160
66 17 362
66 19 144
66 20 140
66 21 70
66 23 228
66 24 312
66 27 128
66 28 36
66 29 132
66 30 194
66 31 54
66 32 15
66 33 128
66 36 228
66 38 272
66 39 120
66 42 68
66 44 120
66 46 300
66 49 252
66 50 12
66 52 190
66 53 168
66 56 150
66 57 156
66 58 130
66 59 20
66 60 82
66 61 190
66 62 103
66 63 181
66 64 64
66 65 16
66 66 60
66 67 138
66 68 200
66 71 64
66 72 170
66 73 210
66 75 240
66 77 342
66 78 200
66 79 42
66 81 40
66 83 160
66 84 292
66 85 16
66 86 12
66 88 72
66 89 16
66 90 112
66 91 290
66 92 126
66 94 128
66 95 120
66 97 60
66 98 193
66 99 112
67 0 55
67 3 90
67 5 52
67 6 60
67 7 140
67 8 164
67 12 126
67 14 18
67 16 297
67 17 75
67 19 320
67 20 13
67 21 130
67 22 23
67 23 300
67 24 71
67 25 270
67 27 90
67 29 76
67 31 162
67 33 55
67 36 65
67 39 81
67 40 95
67 43 93
67 44 35
67 45 65
67 46 180
67 47 185
67 48 42
67 49 12
67 51 190
67 52 372
67 53 1
67 55 5
67 57 76
67 58 12
67 59 234
67 60 258
67 61 15
67 62 35
67 63 65
67 65 20
67 67 40
67 68 180
67 70 183
67 75 7
67 77 100
67 78 74
67 82 130
67 83 114
67 84 5
67 85 45
67 86 60
67 88 114
67 89 90
67 90 1
67 91 306
67 93 175
67 95 180
67 96 20
67 98 36
67 99 324
68 0 627
68 1 76
68 4 353
68 5 95
68 7 287
68 8 7
68 9 12
68 11 56
68 12 228
68 13 285
68 15 180
68 16 171
68 17 247
68 18 45
68 22 56
68 23 490
68 25 30
68 26 76
68 27 10
68 28 300
68 31 5
68 32 80
68 37 380
68 38 19
68 40 45
68 41 8
68 42 150
68 43 24
68 44 381
68 45 95
68 48 109
68 54 90
68 55 133
68 56 152
68 59 114
68 60 36
68 62 285
68 63 312
68 64 146
68 70 105
68 71 228
68 72 446
68 73 380
68 74 24
68 78 111
68 81 479
68 87 420
68 88 207
68 91 60
68 92 450
68 94 101
68 96 105
69 0 261
69 1 352
69 2 139
69 4 36
69 5 180
69 6 118
69 7 637
69 8 114
69 9 306
69 10 36
69 12 158
69 13 458
69 14 72
69 15 270
69 16 220
69 18 207
69 20 143
69 21 484
69 22 453
69 23 105
69 24 187
69 25 156
69 27 460
69 28 241
69 29 234
69 31 189
69 32 310
69 33 521
69 34 42
69 35 393
69 36 28
69 37 306
69 38 300
69 39 141
69 41 84
69 42 446
69 47 309
69 48 102
69 49 562
69 51 182
69 52 255
69 53 11
69 54 28
69 55 379
69 59 496
69 60 659
69 61 584
69 64 298
69 65 342
69 67 216
69 68 126
69 69 30
69 70 583
69 71 119
69 73 86
69 75 133
69 76 260
69 77 100
69 78 467
69 79 66
69 80 108
69 82 312
69 84 220
69 87 153
69 88 344
69 89 198
69 90 151
69 91 81
69 92 255
69 93 280
69 94 255
69 95 210
69 96 289
69 98 408
69 99 498
70 0 251
70 1 60
70 3 90
70 5 40
70 6 140
70 7 580
70 8 196
70 16 52
70 17 27
70 18 162
70 19 324
70 20 208
70 21 224
70 22 80
70 23 440
70 24 696
70 26 32
70 27 36
70 29 280
70 30 428
70 32 126
70 33 180
70 36 117
70 37 128
70 38 384
70 39 634
70 40 508
70 43 310
70 44 63
70 45 501
70 46 356
70 47 300
70 48 324
70 49 64
70 50 12
70 52 98
70 53 488
70 55 516
70 57 232
70 58 182
70 61 506
70 62 109
70 63 409
70 64 180
70 65 84
70 67 258
70 68 280
70 71 333
70 72 154
70 73 266
70 75 224
70 77 168
70 78 558
70 79 24
70 80 84
70 83 48
70 84 9
70 85 361
70 87 304
70 88 198
70 90 16
70 91 726
70 92 412
70 96 32
70 97 558
70 98 187
71 0 266
71 1 171
71 2 60
71 3 170
71 4 242
71 5 485
71 7 117
71 8 426
71 9 600
71 10 180
71 11 180
71 12 2
71 13 101
71 14 196
71 20 10
71 21 149
71 23 815
71 26 56
71 27 56
71 29 300
71 30 12
71 31 294
71 34 380
71 35 248
71 36 300
71 37 304
71 39 40
71 40 87
71 42 28
71 43 150
71 44 124
71 45 45
71 46 114
71 48 80
71 49 323
71 50 152
71 52 8
71 54 320
71 55 278
71 58 6
71 59 252
71 60 515
71 61 228
71 62 595
71 63 212
71 64 540
71 65 348
71 66 120
71 67 280
71 68 2
71 70 386
71 71 15
71 72 165
71 73 280
71 74 126
71 75 140
71 77 483
71 78 601
71 79 12
71 80 90
71 81 177
71 82 156
71 83 30
71 84 348
71 85 38
71 86 112
71 87 280
71 88 192
71 91 378
71 92 280
71 94 550
71 95 80
71 96 293
71 99 221
72 0 171
72 3 360
72 5 45
72 14 436
72 15 49
72 16 14
72 17 126
72 18 152
72 22 24
72 24 56
72 25 171
72 26 256
72 33 64
72 37 144
72 41 70
72 44 128
72 46 49
72 48 35
72 52 16
72 55 63
72 58 16
72 59 48
72 61 21
72 62 205
72 63 27
72 66 98
72 70 348
72 71 400
72 73 180
72 76 120
72 77 220
72 79 148
72 80 240
72 87 180
72 88 400
72 89 40
72 92 271
72 95 119
72 96 72
73 0 30
73 1 162
73 2 7
73 3 10
73 4 235
73 5 279
73 7 241
73 8 286
73 9 51
73 12 240
73 14 294
73 15 119
73 16 3
73 17 184
73 18 75
73 19 287
73 21 211
73 22 181
73 23 259
73 24 213
73 25 489
73 27 194
73 29 201
73 30 7
73 31 281
73 32 73
73 33 492
73 35 26
73 38 82
73 39 18
73 40 225
73 42 12
73 43 2
73 44 153
73 45 133
73 46 108
73 47 235
73 48 319
73 49 211
73 51 275
73 52 94
73 54 164
73 56 105
73 57 19
73 58 71
73 59 224
73 60 356
73 64 390
73 65 26
73 67 136
73 68 24
73 69 216
73 70 296
73 73 236
73 74 149
73 76 84
73 77 606
73 78 119
73 79 22
73 80 84
73 81 143
73 82 126
73 83 170
73 84 204
73 85 36
73 86 15
73 87 56
73 88 77
73 89 165
73 90 21
73 91 132
73 92 285
73 93 10
73 94 170
73 96 136
73 97 42
73 99 36
74 0 24
74 1 326
74 2 10
74 3 358
74 4 400
74 5 728
74 6 150
74 7 287
74 8 72
74 9 377
74 10 209
74 11 457
74 13 18
74 14 132
74 16 416
74 17 180
74 18 138
74 19 130
74 21 138
74 23 502
74 24 36
74 25 395
74 26 75
74 27 18
74 29 611
74 31 303
74 32 103
74 35 559
74 36 260
74 37 14
74 38 71
74 39 216
74 40 136
74 43 102
74 44 120
74 45 237
74 46 490
74 48 230
74 49 550
74 51 28
74 52 300
74 54 120
74 55 28
74 57 388
74 58 10
74 59 342
74 61 342
74 62 252
74 63 252
74 64 296
74 65 558
74 67 290
74 68 150
74 69 20
74 70 810
74 71 138
74 72 57
74 73 130
74 74 139
74 76 45
74 77 134
74 78 843
74 79 272
74 80 90
74 81 405
74 82 246
74 83 6
74 84 7
74 86 180
74 87 72
74 88 849
74 89 271
74 91 309
74 92 126
74 93 462
74 94 348
74 95 170
74 96 38
74 98 472
74 99 242
75 2 34
75 6 129
75 8 155
75 9 18
75 13 340
75 14 128
75 15 63
75 16 18
75 17 162
75 20 24
75 21 16
75 24 180
75 25 219
75 27 80
75 32 255
75 34 70
75 40 40
75 41 90
75 42 90
75 43 36
75 46 63
75 48 45
75 49 30
75 55 28
75 58 8
75 59 32
75 61 77
75 62 137
75 66 126
75 70 102
75 71 10
75 72 12
75 73 17
75 74 208
75 75 68
75 77 160
75 79 16
75 81 120
75 83 60
75 84 72
75 87 150
75 88 68
75 91 38
75 92 117
75 93 340
75 94 48
75 95 153
75 96 72
76 0 503
76 1 509
76 2 144
76 4 204
76 5 10
76 6 338
76 7 222
76 8 224
76 9 56
76 11 104
76 12 144
76 13 181
76 16 108
76 17 408
76 18 135
76 21 346
76 23 613
76 24 169
76 27 30
76 28 146
76 29 380
76 30 28
76 31 84
76 32 177
76 35 11
76 36 306
76 38 12
76 39 18
76 40 7
76 42 72
76 43 197
76 44 180
76 45 342
76 48 282
76 49 85
76 50 169
76 53 98
76 56 96
76 57 220
76 59 91
76 61 118
76 62 38
76 64 348
76 65 239
76 70 103
76 71 360
76 72 341
76 78 283
76 80 114
76 81 168
76 82 234
76 83 38
76 86 52
76 87 120
76 88 389
76 89 126
76 91 342
76 92 593
76 95 18
76 96 27
76 97 98
76 98 315
77 0 280
77 1 42
77 2 52
77 3 394
77 4 300
77 5 428
77 6 83
77 7 692
77 8 108
77 9 287
77 10 120
77 12 346
77 13 104
77 14 295
77 15 344
77 16 143
77 17 170
77 19 205
77 20 260
77 21 182
77 22 451
77 23 28
77 24 340
77 26 350
77 27 216
77 30 12
77 31 214
77 32 65
77 33 218
77 34 400
77 36 205
77 38 137
77 39 180
77 40 252
77 42 323
77 43 80
77 44 84
77 47 300
77 48 84
77 49 75
77 50 102
77 51 48
77 52 210
77 53 720
77 54 192
77 55 100
77 56 289
77 57 280
77 58 224
77 59 380
77 60 687
77 61 300
77 64 674
77 65 60
77 67 68
77 69 215
77 70 348
77 71 674
77 74 48
77 75 140
77 76 169
77 77 313
77 78 360
77 79 90
77 80 216
77 81 52
77 82 230
77 83 278
77 84 203
77 85 136
77 88 648
77 89 65
77 90 315
77 91 48
77 94 40
77 95 180
77 96 446
77 97 72
77 98 247
77 99 247
78 0 267
78 1 372
78 2 238
78 3 120
78 4 12
78 5 186
78 7 717
78 8 158
78 10 18
78 12 8
78 13 104
78 15 35
78 16 72
78 17 180
78 20 40
78 21 22
78 22 76
78 23 37
78 24 72
78 25 240
78 26 39
78 27 146
78 29 228
78 30 66
78 31 19
78 32 12
78 34 84
78 35 256
78 36 10
78 39 420
78 40 195
78 42 180
78 43 36
78 44 413
78 46 255
78 48 340
78 49 25
78 50 12
78 52 46
78 53 190
78 54 131
78 57 418
78 58 26
78 60 184
78 61 38
78 63 120
78 64 64
78 65 120
78 66 178
78 67 384
78 68 48
78 69 100
78 70 339
78 71 64
78 72 48
78 73 6
78 75 16
78 77 30
78 78 173
78 79 328
78 81 287
78 82 145
78 86 180
78 87 5
78 89 180
78 90 10
78 91 352
78 92 102
78 93 120
78 95 80
78 96 403
78 97 13
78 98 22
78 99 312
79 0 308
79 2 261
79 3 130
79 4 240
79 5 35
79 6 48
79 8 502
79 15 16
79 16 80
79 17 39
79 18 340
79 19 252
79 21 234
79 23 180
79 25 384
79 26 28
79 27 351
79 28 180
79 30 144
79 36 169
79 37 112
79 38 190
79 39 180
79 40 247
79 41 198
79 42 90
79 43 421
79 44 271
79 45 169
79 46 449
79 47 306
79 48 224
79 49 407
79 51 342
79 53 120
79 54 638
79 55 49
79 58 176
79 59 368
79 62 155
79 63 190
79 64 240
79 65 36
79 67 210
79 69 240
79 70 150
79 72 214
79 73 156
79 74 120
79 77 180
79 81 171
79 82 207
79 83 76
79 84 326
79 85 117
79 86 51
79 87 140
79 91 238
79 92 140
79 94 105
79 96 60
80 1 70
80 6 104
80 10 55
80 11 35
80 12 198
80 13 48
80 16 166
80 17 90
80 19 30
80 20 5
80 21 84
80 22 90
80 24 224
80 25 25
80 27 36
80 31 35
80 32 48
80 33 36
80 35 95
80 39 154
80 40 224
80 42 79
80 45 110
80 46 14
80 47 42
80 48 45
80 49 12
80 50 80
80 52 50
80 54 95
80 55 266
80 56 85
80 58 25
80 59 30
80 60 120
80 64 60
80 68 48
80 69 162
80 70 75
80 71 126
80 73 135
80 76 78
80 77 30
80 84 66
80 85 196
80 88 90
80 89 30
80 90 42
80 91 224
80 92 36
80 93 90
80 96 36
80 97 224
80 98 209
80 99 27
81 0 105
81 1 247
81 2 137
81 3 56
81 4 19
81 5 57
81 6 71
81 7 283
81 8 6
81 9 261
81 12 12
81 13 45
81 14 354
81 15 140
81 17 21
81 18 336
81 22 100
81 23 204
81 24 144
81 25 4
81 26 275
81 27 180
81 28 373
81 31 91
81 34 56
81 35 70
81 37 10
81 39 119
81 42 72
81 44 272
81 46 105
81 48 57
81 49 73
81 50 30
81 53 67
81 54 97
81 56 61
81 60 107
81 61 40
81 62 272
81 65 91
81 67 176
81 70 25
81 71 8
81 72 70
81 74 159
81 75 112
81 76 291
81 77 80
81 78 50
81 79 102
81 81 120
81 82 68
81 84 20
81 86 80
81 87 391
81 89 105
81 90 100
81 91 159
81 92 164
81 96 237
81 97 130
81 98 63
81 99 15
82 0 373
82 1 108
82 2 68
82 3 120
82 4 292
82 5 152
82 6 129
82 8 301
82 12 24
82 13 264
82 15 136
82 16 88
82 17 36
82 19 274
82 21 354
82 22 224
82 25 143
82 27 48
82 28 72
82 29 95
82 30 368
82 31 108
82 32 84
82 33 153
82 36 351
82 38 48
82 40 372
82 43 264
82 44 108
82 45 184
82 47 187
82 49 314
82 50 78
82 51 247
82 54 168
82 55 171
82 56 35
82 57 180
82 59 105
82 60 320
82 62 84
82 63 171
82 64 361
82 65 286
82 67 126
82 68 18
82 69 96
82 74 32
82 76 104
82 77 150
82 78 40
82 79 15
82 82 148
82 84 219
82 85 188
82 88 35
82 89 188
82 90 80
82 91 70
82 92 237
82 93 60
82 96 80
82 97 88
82 98 266
82 99 141
83 0 157
83 2 39
83 4 631
83 5 285
83 6 130
83 8 114
83 9 69
83 11 311
83 13 60
83 14 168
83 15 413
83 16 144
83 17 414
83 18 228
83 19 225
83 22 195
83 23 228
83 26 180
83 27 36
83 28 394
83 29 493
83 30 123
83 31 248
83 36 240
83 38 90
83 40 406
83 41 60
83 43 24
83 44 357
83 46 568
83 49 126
83 50 323
83 51 60
83 54 210
83 55 38
83 56 217
83 59 36
83 60 48
83 62 553
83 63 6
83 64 300
83 66 60
83 67 170
83 69 90
83 73 180
83 74 60
83 76 484
83 77 68
83 78 396
83 79 78
83 80 247
83 81 255
83 82 60
83 84 96
83 85 32
83 86 12
83 88 104
83 89 6
83 90 57
83 91 58
83 92 524
83 95 170
83 96 101
83 97 447
83 98 221
83 99 80
84 0 208
84 2 134
84 3 245
84 4 663
84 5 437
84 6 160
84 7 14
84 9 124
84 12 416
84 13 210
84 14 70
84 15 221
84 16 126
84 17 252
84 18 20
84 19 339
84 20 176
84 21 94
84 22 169
84 23 390
84 24 66
84 25 64
84 26 346
84 27 15
84 28 80
84 29 26
84 30 13
84 33 38
84 34 342
84 36 186
84 37 160
84 38 92
84 39 46
84 40 234
84 42 40
84 44 249
84 46 120
84 47 2
84 48 228
84 49 146
84 50 143
84 51 52
84 52 288
84 53 176
84 54 383
84 56 722
84 59 100
84 60 272
84 62 130
84 63 96
84 64 555
84 66 156
84 67 110
84 68 142
84 69 180
84 70 126
84 71 168
84 72 282
84 73 8
84 74 52
84 75 182
84 76 120
84 77 48
84 78 327
84 79 8
84 80 12
84 81 196
84 82 162
84 83 8
84 84 40
84 86 3
84 88 112
84 90 79
84 91 308
84 92 150
84 95 154
84 96 172
84 97 78
84 98 180
84 99 100
85 0 548
85 1 555
85 2 123
85 3 126
85 4 137
85 5 19
85 6 24
85 7 163
85 8 240
85 9 276
85 10 80
85 12 288
85 14 96
85 15 17
85 16 197
85 18 12
85 19 165
85 21 68
85 22 13
85 23 110
85 24 119
85 26 52
85 27 112
85 28 228
85 30 53
85 31 324
85 33 221
85 36 258
85 38 307
85 39 128
85 40 18
85 44 3
85 46 150
85 49 170
85 50 27
85 51 4
85 52 240
85 53 64
85 54 14
85 56 4
85 57 344
85 58 262
85 59 240
85 62 48
85 63 165
85 64 20
85 65 356
85 67 259
85 68 44
85 69 160
85 73 222
85 74 4
85 75 80
85 77 235
85 79 145
85 82 212
85 83 61
85 87 204
85 89 8
85 90 195
85 91 164
85 92 204
85 95 68
85 96 4
85 97 6
85 98 98
85 99 194
86 0 200
86 1 26
86 4 56
86 5 140
86 6 214
86 7 456
86 8 536
86 9 119
86 10 364
86 11 117
86 15 243
86 16 449
86 17 630
86 19 132
86 20 90
86 21 45
86 23 261
86 25 234
86 26 182
86 27 250
86 28 68
86 31 167
86 33 224
86 34 451
86 38 224
86 41 370
86 43 56
86 44 156
86 46 392
86 48 223
86 49 123
86 53 294
86 56 167
86 57 196
86 58 13
86 59 114
86 60 8
86 61 54
86 62 198
86 63 72
86 66 252
86 69 420
86 75 280
86 77 170
86 81 16
86 82 16
86 83 596
86 84 508
86 88 497
86 89 28
86 90 117
86 91 95
86 92 472
86 93 18
86 94 136
86 95 645
86 96 481
86 98 494
87 1 104
87 2 128
87 6 14
87 12 2
87 23 120
87 24 32
87 28 93
87 36 32
87 39 38
87 40 32
87 42 64
87 46 2
87 47 21
87 55 38
87 59 13
87 61 88
87 62 6
87 70 80
87 71 154
87 77 16
87 78 40
87 80 17
87 83 13
87 85 28
87 87 16
87 89 112
87 91 32
87 95 16
87 96 24
87 97 32
88 0 84
88 6 35
88 8 197
88 9 168
88 10 380
88 13 100
88 16 380
88 21 217
88 23 98
88 25 30
88 29 280
88 30 117
88 32 75
88 33 304
88 38 304
88 42 68
88 43 140
88 44 168
88 45 42
88 49 154
88 50 250
88 52 91
88 53 57
88 56 19
88 57 224
88 58 169
88 60 72
88 61 247
88 62 28
88 64 64
88 67 169
88 68 260
88 70 30
88 71 64
88 72 154
88 73 44
88 75 504
88 77 210
88 80 84
88 82 266
88 83 28
88 88 230
88 89 38
88 91 395
88 93 380
88 98 95
88 99 52
89 0 504
89 1 334
89 4 256
89 5 221
89 8 39
89 9 260
89 10 220
89 11 266
89 12 534
89 14 48
89 16 478
89 17 105
89 19 66
89 20 159
89 21 6
89 23 299
89 24 104
89 25 160
89 27 220
89 28 39
89 29 77
89 31 536
89 35 380
89 36 313
89 37 45
89 38 190
89 39 60
89 41 38
89 42 154
89 43 45
89 44 70
89 45 269
89 46 84
89 49 282
89 50 176
89 51 12
89 52 476
89 54 209
89 56 250
89 58 346
89 59 502
89 60 160
89 62 143
89 66 80
89 68 66
89 69 180
89 70 300
89 71 13
89 72 155
89 73 105
89 74 33
89 78 381
89 79 6
89 81 171
89 82 348
89 83 196
89 84 137
89 86 7
89 88 360
89 90 303
89 91 144
89 93 360
89 95 256
89 97 35
89 98 399
89 99 311
90 0 280
90 2 152
90 3 266
90 4 187
90 5 68
90 6 279
90 8 238
90 10 90
90 11 306
90 12 248
90 13 104
90 14 95
90 15 204
90 16 403
90 19 207
90 21 286
90 22 258
90 23 180
90 25 304
90 27 240
90 32 116
90 33 78
90 34 27
90 36 247
90 37 40
90 38 377
90 39 18
90 41 80
90 42 135
90 47 217
90 49 195
90 50 171
90 51 309
90 54 18
90 55 90
90 60 280
90 62 343
90 63 527
90 64 193
90 65 448
90 68 81
90 69 285
90 71 38
90 72 13
90 74 30
90 76 169
90 77 145
90 81 355
90 82 86
90 83 452
90 84 342
90 88 228
90 89 65
90 90 91
90 94 479
90 95 330
90 96 189
90 98 247
90 99 188
91 0 210
91 2 348
91 3 238
91 4 26
91 5 13
91 6 84
91 7 140
91 14 195
91 20 52
91 21 12
91 22 20
91 24 260
91 26 65
91 27 16
91 29 454
91 30 36
91 33 262
91 36 90
91 37 8
91 38 12
91 39 312
91 40 201
91 43 189
91 44 11
91 46 192
91 47 109
91 49 117
91 50 10
91 51 16
91 53 226
91 54 12
91 55 459
91 56 105
91 61 60
91 63 45
91 67 299
91 70 208
91 71 449
91 72 9
91 73 52
91 74 52
91 75 28
91 77 143
91 78 192
91 79 110
91 80 234
91 81 24
91 82 67
91 84 4
91 85 408
91 88 260
91 89 97
91 90 4
91 91 474
91 96 56
91 97 318
91 98 99
91 99 150
92 0 644
92 1 14
92 4 147
92 5 241
92 6 198
92 7 80
92 8 198
92 9 138
92 10 123
92 11 15
92 12 236
92 13 130
92 14 36
92 15 90
92 16 439
92 17 297
92 18 36
92 21 72
92 22 35
92 23 244
92 25 219
92 26 94
92 27 136
92 28 60
92 29 120
92 30 18
92 31 97
92 32 54
92 33 80
92 34 15
92 35 19
92 37 350
92 38 126
92 39 40
92 41 30
92 42 142
92 43 60
92 44 120
92 45 327
92 47 409
92 48 242
92 49 76
92 50 65
92 51 108
92 53 135
92 54 10
92 55 263
92 56 306
92 59 108
92 60 57
92 62 12
92 63 42
92 64 35
92 67 24
92 68 74
92 69 228
92 70 15
92 71 96
92 72 154
92 73 385
92 75 442
92 76 108
92 77 20
92 80 36
92 81 112
92 82 169
92 83 392
92 85 48
92 87 280
92 88 82
92 89 10
92 91 116
92 92 443
92 93 356
92 95 327
92 96 71
92 97 2
92 98 138
92 99 169
93 0 483
93 1 625
93 4 120
93 6 4
93 7 575
93 8 17
93 10 380
93 11 88
93 16 73
93 18 468
93 19 66
93 20 9
93 21 141
93 22 21
93 23 20
93 24 143
93 27 72
93 28 160
93 31 225
93 32 54
93 33 120
93 34 9
93 35 337
93 36 102
93 38 260
93 39 6
93 41 18
93 42 171
93 43 60
93 44 78
93 45 231
93 46 90
93 47 27
93 48 306
93 49 395
93 50 287
93 51 39
93 52 311
93 54 177
93 56 153
93 58 45
93 59 54
93 60 380
93 64 171
93 66 135
93 68 81
93 69 90
93 70 169
93 72 72
93 77 255
93 79 360
93 81 68
93 82 361
93 84 120
93 85 30
93 86 44
93 91 48
93 92 329
93 93 9
93 94 221
93 96 372
93 98 51
93 99 270
94 2 99
94 3 170
94 4 96
94 6 118
94 8 110
94 9 15
94 11 108
94 17 90
94 18 260
94 23 114
94 24 144
94 27 235
94 29 66
94 34 56
94 36 194
94 42 72
94 44 60
94 45 170
94 46 72
94 47 190
94 49 55
94 50 110
94 54 387
94 56 54
94 59 208
94 61 40
94 64 190
94 66 150
94 71 8
94 73 90
94 74 96
94 75 330
94 77 130
94 78 190
94 81 96
94 83 50
94 84 60
94 86 45
94 87 120
94 90 6
94 91 52
94 93 160
94 94 40
94 97 30
94 99 30
95 0 480
95 1 356
95 2 132
95 4 144
95 5 68
95 7 424
95 8 211
95 9 164
95 10 24
95 11 189
95 12 180
95 14 108
95 15 183
95 16 15
95 17 60
95 18 204
95 21 113
95 22 66
95 23 357
95 24 154
95 25 268
95 26 45
95 27 145
95 28 60
95 29 253
95 30 99
95 31 305
95 32 90
95 33 176
95 35 60
95 36 497
95 37 204
95 41 30
95 42 120
95 43 282
95 44 439
95 45 150
95 46 90
95 48 340
95 49 85
95 50 65
95 51 5
95 52 271
95 55 414
95 56 113
95 57 154
95 58 360
95 59 300
95 61 209
95 62 92
95 63 33
95 66 20
95 67 143
95 68 235
95 69 325
95 70 77
95 71 4
95 73 93
95 75 88
95 76 45
95 78 156
95 79 271
95 82 260
95 83 65
95 84 348
95 85 176
95 86 4
95 89 143
95 90 241
95 91 410
95 92 270
95 93 50
95 95 84
95 96 6
95 97 20
95 98 200
95 99 390
96 0 545
96 1 190
96 2 2
96 4 358
96 5 38
96 6 31
96 7 20
96 10 180
96 11 84
96 12 240
96 13 300
96 15 34
96 16 416
96 17 260
96 19 78
96 20 184
96 21 28
96 22 68
96 23 100
96 24 374
96 25 100
96 26 95
96 27 148
96 28 156
96 30 30
96 32 110
96 33 178
96 34 181
96 35 136
96 37 240
96 38 301
96 39 315
96 40 43
96 42 135
96 43 267
96 44 503
96 46 16
96 47 55
96 48 90
96 49 40
96 50 110
96 51 8
96 53 125
96 54 228
96 56 237
96 59 120
96 61 75
96 63 58
96 64 200
96 65 24
96 66 311
96 67 38
96 69 115
96 70 114
96 71 318
96 72 300
96 73 32
96 74 268
96 75 180
96 77 232
96 79 90
96 81 460
96 82 144
96 83 10
96 86 32
96 87 225
96 88 160
96 89 18
96 90 6
96 91 20
96 94 70
96 95 24
96 96 200
96 97 110
96 98 182
96 99 30
97 0 224
97 1 307
97 2 270
97 3 196
97 4 4
97 6 264
97 7 360
97 9 30
97 11 140
97 12 154
97 14 88
97 15 24
97 16 322
97 19 142
97 20 234
97 21 36
97 22 248
97 23 255
97 24 348
97 25 220
97 28 90
97 32 22
97 33 174
97 36 278
97 37 190
97 38 222
97 39 192
97 41 28
97 42 72
97 46 25
97 47 270
97 49 52
97 50 126
97 51 32
97 52 32
97 53 26
97 54 1
97 55 90
97 58 12
97 59 36
97 60 130
97 61 369
97 62 38
97 63 34
97 64 164
97 65 168
97 67 14
97 68 10
97 69 210
97 70 120
97 71 181
97 72 4
97 75 126
97 78 459
97 81 52
97 82 77
97 83 336
97 84 12
97 88 168
97 89 156
97 90 18
97 91 23
97 93 54
97 94 200
97 95 258
97 96 68
97 99 64
98 0 40
98 2 152
98 3 266
98 4 20
98 6 282
98 8 171
98 9 320
98 10 300
98 11 180
98 12 209
98 13 162
98 14 95
98 15 120
98 16 363
98 17 200
98 19 209
98 20 43
98 21 14
98 23 165
98 24 648
98 27 8
98 28 107
98 30 63
98 32 37
98 33 240
98 34 411
98 35 252
98 36 322
98 37 30
98 38 487
98 39 40
98 42 410
98 43 93
98 45 361
98 47 56
98 49 198
98 50 583
98 52 190
98 53 466
98 54 685
98 56 678
98 58 130
98 59 412
98 60 557
98 61 80
98 62 225
98 63 170
98 65 228
98 66 58
98 67 80
98 68 247
98 69 285
98 70 330
98 71 54
98 74 192
98 75 300
98 77 385
98 81 272
98 84 72
98 85 250
98 86 288
98 87 240
98 88 228
98 89 30
98 95 54
98 96 306
98 98 259
98 99 54
99 5 140
99 6 4
99 8 121
99 13 14
99 14 80
99 21 10
99 24 72
99 27 20
99 34 28
99 35 154
99 42 36
99 49 280
99 58 5
99 59 286
99 61 286
99 65 266
99 70 182
99 71 4
99 74 103
99 77 40
99 78 182
99 79 10
99 81 48
99 82 182
99 87 60
99 88 224
