100 100
0 0 38
0 1 739
0 2 203
0 3 291
0 4 300
0 5 392
0 6 245
0 7 296
0 8 516
0 9 40
0 10 523
0 11 749
0 12 458
0 13 147
0 14 449
0 15 781
0 16 864
0 17 141
0 18 106
0 19 170
0 20 403
0 21 174
0 22 322
0 23 755
0 24 1072
0 25 336
0 26 302
0 27 247
0 28 404
0 29 222
0 30 1018
0 31 181
0 32 780
0 33 638
0 34 488
0 35 367
0 36 515
0 37 615
0 38 282
0 39 321
0 40 435
0 41 406
0 42 345
0 43 189
0 44 227
0 45 588
0 46 369
0 47 180
0 48 267
0 49 759
0 50 329
0 51 141
0 52 591
0 53 680
0 54 117
0 55 696
0 56 722
0 57 337
0 58 46
0 59 602
0 60 433
0 61 290
0 62 512
0 63 14
0 64 1030
0 65 308
0 66 44
0 67 388
0 68 486
0 69 156
0 70 536
0 71 442
0 72 45
0 73 117
0 74 38
0 75 543
0 76 186
0 77 265
0 78 24
0 79 607
0 80 306
0 81 210
0 83 111
0 84 767
0 85 339
0 86 608
0 87 321
0 88 107
0 89 74
0 90 220
0 91 113
0 92 210
0 93 276
0 94 543
0 96 279
0 97 218
0 98 144
0 99 32
1 0 882
1 1 457
1 2 138
1 3 45
1 5 960
1 6 477
1 7 85
1 8 137
1 9 471
1 10 683
1 11 646
1 12 272
1 13 653
1 14 765
1 15 505
1 16 371
1 17 275
1 18 258
1 19 688
1 20 573
1 21 791
1 22 348
1 23 221
1 24 409
1 25 528
1 26 325
1 27 210
1 28 314
1 29 736
1 30 587
1 31 356
1 32 559
1 33 314
1 34 435
1 35 1188
1 36 121
1 37 195
1 38 182
1 39 371
1 40 184
1 41 340
1 42 332
1 43 151
1 44 856
1 45 505
1 46 616
1 47 330
1 48 934
1 49 404
1 50 318
1 51 280
1 52 104
1 53 287
1 54 753
1 55 195
1 56 953
1 57 102
1 58 45
1 59 597
1 60 561
1 61 208
1 62 202
1 63 143
1 64 672
1 65 419
1 66 33
1 67 771
1 68 240
1 69 428
1 70 592
1 71 608
1 72 743
1 73 596
1 74 159
1 75 26
1 76 579
1 77 711
1 78 918
1 79 343
1 80 364
1 81 758
1 82 214
1 83 1052
1 84 1062
1 85 232
1 86 183
1 87 601
1 88 452
1 89 280
1 90 354
1 91 664
1 92 599
1 93 434
1 94 587
1 95 198
1 96 464
1 97 36
1 98 52
1 99 787
2 0 54
2 1 614
2 2 116
2 3 186
2 4 72
2 5 119
2 6 373
2 7 126
2 8 285
2 9 144
2 10 572
2 11 919
2 12 272
2 13 108
2 14 370
2 15 120
2 16 63
2 17 108
2 18 252
2 19 189
2 20 29
2 21 399
2 22 281
2 23 318
2 24 554
2 25 234
2 26 306
2 27 380
2 28 288
2 29 697
2 30 176
2 31 156
2 32 374
2 33 577
2 34 376
2 35 125
2 36 260
2 37 464
2 38 264
2 39 371
2 41 316
2 42 343
2 43 42
2 44 138
2 45 178
2 46 72
2 47 452
2 48 107
2 49 208
2 50 524
2 51 56
2 52 192
2 53 262
2 54 250
2 55 314
2 56 570
2 57 256
2 58 60
2 59 85
2 60 388
2 61 86
2 62 463
2 63 144
2 64 460
2 65 485
2 66 83
2 67 228
2 68 764
2 69 32
2 70 507
2 71 270
2 72 529
2 73 54
2 74 207
2 75 216
2 76 241
2 77 132
2 78 376
2 79 484
2 80 256
2 81 61
2 82 172
2 83 570
2 84 514
2 85 202
2 86 259
2 87 225
2 88 144
2 89 221
2 90 167
2 91 373
2 92 349
2 93 108
2 94 118
2 95 237
2 96 153
2 97 84
2 98 183
2 99 225
3 0 663
3 1 218
3 2 325
3 3 335
3 4 172
3 5 15
3 6 397
3 7 77
3 8 372
3 9 353
3 10 83
3 11 614
3 12 511
3 13 493
3 14 678
3 15 267
3 16 1151
3 17 419
3 18 663
3 19 415
3 20 96
3 21 346
3 22 80
3 23 306
3 24 296
3 25 176
3 26 446
3 27 180
3 28 277
3 29 486
3 30 565
3 31 288
3 32 248
3 33 497
3 34 200
3 35 175
3 36 635
3 37 373
3 38 28
3 39 128
3 40 207
3 41 398
3 42 561
3 43 45
3 44 845
3 45 450
3 46 156
3 47 176
3 48 700
3 49 467
3 50 327
3 51 140
3 52 657
3 53 571
3 54 635
3 55 283
3 56 802
3 57 60
3 58 381
3 59 400
3 60 151
3 61 210
3 62 740
3 63 235
3 64 773
3 65 458
3 66 309
3 67 158
3 68 657
3 69 590
3 70 376
3 71 134
3 72 40
3 73 473
3 74 416
3 75 553
3 76 392
3 77 259
3 78 794
3 79 384
3 80 606
3 81 257
3 82 38
3 83 548
3 84 1244
3 85 370
3 86 569
3 87 153
3 88 40
3 89 135
3 90 308
3 91 385
3 92 133
3 93 279
3 94 633
3 95 14
3 96 322
3 97 167
3 98 545
3 99 801
4 0 792
4 1 1100
4 2 588
4 3 55
4 5 769
4 6 667
4 7 320
4 8 382
4 9 512
4 10 609
4 11 666
4 12 700
4 13 244
4 14 406
4 15 1052
4 16 929
4 17 468
4 18 367
4 19 382
4 20 245
4 21 1009
4 22 439
4 23 381
4 24 546
4 25 430
4 26 1311
4 27 846
4 28 442
4 29 486
4 30 330
4 31 176
4 32 386
4 33 1505
4 34 1064
4 35 616
4 36 907
4 37 593
4 38 548
4 39 485
4 40 733
4 41 417
4 42 501
4 43 252
4 44 793
4 45 416
4 46 516
4 47 1052
4 48 757
4 49 597
4 50 622
4 51 742
4 52 1097
4 53 952
4 55 700
4 56 544
4 57 978
4 58 271
4 59 886
4 60 504
4 61 522
4 62 349
4 63 220
4 64 629
4 65 437
4 67 462
4 68 706
4 69 476
4 70 1018
4 71 516
4 72 284
4 73 528
4 74 396
4 75 409
4 76 797
4 77 300
4 78 552
4 79 1000
4 80 315
4 81 484
4 82 158
4 83 599
4 84 334
4 85 594
4 86 869
4 87 374
4 88 521
4 89 570
4 90 496
4 91 1178
4 92 587
4 93 312
4 94 301
4 95 593
4 96 658
4 97 381
4 98 492
4 99 254
5 0 249
5 1 427
5 2 283
5 3 473
5 4 118
5 5 617
5 6 584
5 7 52
5 8 721
5 9 148
5 10 622
5 11 896
5 12 543
5 13 896
5 15 718
5 16 404
5 17 169
5 18 300
5 19 172
5 20 249
5 21 907
5 22 608
5 23 273
5 24 797
5 25 670
5 26 732
5 27 318
5 28 747
5 29 607
5 30 425
5 31 381
5 32 723
5 33 765
5 34 893
5 35 734
5 36 361
5 37 909
5 38 659
5 39 538
5 40 326
5 41 394
5 42 515
5 43 179
5 44 503
5 45 960
5 46 276
5 47 924
5 48 953
5 49 427
5 50 613
5 51 1105
5 52 871
5 53 400
5 54 386
5 55 194
5 56 943
5 57 866
5 58 58
5 59 830
5 60 590
5 61 231
5 62 809
5 63 412
5 64 774
5 65 345
5 66 310
5 67 28
5 68 520
5 69 522
5 70 418
5 71 403
5 72 357
5 73 120
5 74 473
5 75 482
5 76 978
5 77 535
5 78 542
5 79 629
5 80 368
5 81 735
5 82 195
5 83 872
5 84 1324
5 85 629
5 86 315
5 87 314
5 88 523
5 89 433
5 90 636
5 91 397
5 92 566
5 93 206
5 94 257
5 95 223
5 96 123
5 97 544
5 98 110
5 99 130
6 0 821
6 1 632
6 2 375
6 3 248
6 5 536
6 6 396
6 7 297
6 8 458
6 9 488
6 10 690
6 11 853
6 12 275
6 13 102
6 14 328
6 15 541
6 16 306
6 17 452
6 18 425
6 19 589
6 20 174
6 21 726
6 22 225
6 23 133
6 24 467
6 25 841
6 26 451
6 27 397
6 28 183
6 29 378
6 30 512
6 31 416
6 32 175
6 33 276
6 34 878
6 35 755
6 36 859
6 37 118
6 38 381
6 39 557
6 40 567
6 41 211
6 42 280
6 43 394
6 44 214
6 45 188
6 46 936
6 47 36
6 48 410
6 49 233
6 50 238
6 51 557
6 52 407
6 53 677
6 54 452
6 55 580
6 56 759
6 57 132
6 58 479
6 59 234
6 60 332
6 61 126
6 62 682
6 63 310
6 64 396
6 65 470
6 66 135
6 67 526
6 68 118
6 69 41
6 70 1221
6 71 419
6 72 432
6 73 375
6 74 650
6 75 454
6 76 772
6 77 434
6 78 456
6 79 770
6 80 546
6 81 226
6 82 469
6 83 305
6 84 250
6 85 855
6 86 339
6 87 536
6 88 225
6 89 333
6 90 787
6 91 281
6 92 88
6 93 450
6 94 209
6 95 302
6 96 82
6 97 114
6 98 424
6 99 288
7 0 423
7 1 230
7 2 450
7 3 110
7 4 266
7 5 548
7 6 461
7 7 122
7 8 416
7 9 363
7 10 587
7 11 62
7 12 376
7 13 10
7 14 142
7 15 294
7 16 400
7 17 958
7 18 529
7 19 373
7 20 105
7 21 658
7 22 588
7 23 492
7 24 140
7 25 235
7 26 63
7 27 756
7 28 90
7 29 168
7 30 242
7 31 552
7 32 112
7 33 165
7 34 414
7 35 608
7 36 177
7 37 507
7 38 115
7 39 926
7 40 250
7 41 271
7 42 265
7 43 484
7 44 137
7 45 226
7 46 339
7 47 580
7 48 606
7 49 374
7 50 337
7 51 351
7 52 374
7 53 8
7 54 356
7 55 443
7 56 169
7 57 670
7 58 336
7 59 827
7 60 832
7 61 270
7 62 475
7 63 226
7 64 234
7 65 105
7 66 206
7 67 152
7 68 124
7 69 443
7 70 542
7 71 912
7 72 630
7 73 867
7 74 175
7 75 237
7 76 608
7 77 482
7 78 716
7 79 784
7 80 16
7 81 265
7 82 490
7 83 715
7 84 64
7 85 477
7 86 240
7 87 951
7 88 126
7 89 217
7 90 551
7 91 198
7 92 173
7 93 328
7 94 24
7 96 162
7 97 8
7 98 218
7 99 595
8 0 530
8 1 733
8 2 529
8 3 23
8 4 154
8 5 872
8 6 861
8 7 94
8 8 769
8 9 132
8 10 822
8 11 341
8 12 618
8 13 508
8 14 340
8 15 643
8 16 251
8 17 661
8 18 1257
8 19 1028
8 20 66
8 21 1217
8 22 637
8 23 663
8 24 119
8 25 834
8 26 781
8 27 1204
8 28 600
8 29 490
8 30 334
8 31 227
8 32 237
8 33 607
8 34 606
8 35 442
8 36 802
8 37 793
8 38 173
8 39 468
8 40 558
8 41 536
8 42 307
8 43 474
8 44 290
8 45 592
8 46 845
8 47 1236
8 48 133
8 49 117
8 51 340
8 52 793
8 53 1106
8 54 405
8 55 421
8 56 1054
8 57 955
8 58 376
8 59 759
8 60 1014
8 61 243
8 62 191
8 63 180
8 64 435
8 65 1036
8 66 453
8 67 113
8 68 770
8 69 224
8 70 199
8 71 406
8 72 687
8 74 309
8 75 378
8 76 953
8 77 794
8 78 1292
8 79 663
8 80 169
8 81 806
8 82 181
8 83 1520
8 84 232
8 85 88
8 86 753
8 87 898
8 88 383
8 89 593
8 90 1047
8 91 711
8 92 117
8 93 348
8 94 174
8 96 626
8 97 260
8 98 881
8 99 1036
9 0 288
9 1 420
9 2 175
9 3 336
9 4 20
9 5 472
9 6 75
9 7 45
9 8 104
9 9 224
9 10 313
9 11 279
9 12 436
9 13 581
9 14 96
9 15 229
9 16 559
9 17 475
9 19 224
9 20 394
9 21 176
9 22 266
9 23 284
9 24 485
9 25 252
9 26 44
9 27 199
9 28 321
9 29 511
9 30 127
9 31 426
9 32 317
9 33 244
9 34 698
9 35 367
9 36 85
9 37 368
9 38 627
9 39 407
9 40 302
9 41 364
9 42 292
9 43 365
9 44 609
9 45 502
9 46 694
9 47 136
9 48 364
9 49 324
9 50 524
9 51 193
9 52 448
9 53 16
9 54 352
9 55 270
9 56 643
9 57 181
9 58 132
9 59 55
9 60 458
9 61 238
9 62 125
9 63 345
9 64 463
9 65 434
9 67 567
9 69 503
9 70 197
9 71 377
9 72 303
9 73 456
9 74 172
9 75 303
9 76 56
9 77 573
9 78 310
9 79 421
9 80 28
9 81 408
9 82 266
9 83 376
9 84 682
9 85 306
9 86 107
9 87 223
9 88 90
9 89 440
9 90 75
9 91 420
9 92 253
9 93 360
9 94 348
9 95 117
9 96 514
9 97 238
9 98 24
9 99 302
10 0 546
10 1 542
10 2 469
10 3 321
10 4 204
10 5 675
10 6 385
10 7 61
10 8 308
10 9 10
10 10 485
10 11 639
10 12 174
10 13 434
10 14 250
10 15 345
10 16 3
10 17 154
10 18 206
10 19 285
10 21 563
10 22 99
10 23 365
10 24 432
10 25 664
10 26 568
10 27 314
10 28 458
10 29 12
10 30 170
10 31 22
10 32 292
10 33 334
10 34 506
10 35 60
10 36 455
10 37 510
10 38 418
10 39 304
10 40 114
10 41 523
10 42 120
10 43 265
10 44 584
10 45 399
10 46 72
10 47 344
10 48 531
10 49 306
10 50 544
10 51 38
10 52 778
10 53 572
10 54 281
10 55 410
10 56 388
10 57 707
10 58 592
10 59 814
10 60 1025
10 61 220
10 62 233
10 63 319
10 64 365
10 65 279
10 66 347
10 67 418
10 68 453
10 69 201
10 70 415
10 71 462
10 72 201
10 73 310
10 74 141
10 75 413
10 76 300
10 77 426
10 78 844
10 79 678
10 80 139
10 81 323
10 82 297
10 83 543
10 84 170
10 85 309
10 86 268
10 87 295
10 88 30
10 89 373
10 90 345
10 91 285
10 92 482
10 93 45
10 94 385
10 95 443
10 96 353
10 97 136
10 98 246
10 99 388
11 0 695
11 1 951
11 2 461
11 3 318
11 4 88
11 5 554
11 6 867
11 7 658
11 8 691
11 9 597
11 10 828
11 11 654
11 12 643
11 13 285
11 14 430
11 15 509
11 16 685
11 17 840
11 18 380
11 20 262
11 21 831
11 22 620
11 23 825
11 24 689
11 25 839
11 26 958
11 27 677
11 28 488
11 29 1204
11 30 452
11 31 460
11 32 476
11 33 870
11 34 485
11 35 343
11 36 257
11 37 559
11 38 342
11 39 557
11 41 368
11 42 368
11 43 370
11 44 723
11 45 608
11 46 634
11 47 829
11 48 466
11 49 508
11 50 238
11 51 912
11 52 724
11 53 771
11 54 695
11 55 566
11 56 1300
11 57 789
11 58 392
11 59 186
11 60 884
11 61 16
11 62 222
11 63 282
11 64 1177
11 65 937
11 66 649
11 67 652
11 68 1409
11 69 728
11 70 656
11 71 222
11 72 617
11 73 238
11 74 721
11 75 450
11 76 663
11 77 312
11 78 561
11 79 648
11 80 796
11 81 311
11 82 300
11 83 825
11 84 993
11 85 805
11 86 519
11 87 729
11 88 505
11 89 180
11 90 632
11 91 642
11 92 30
11 93 448
11 94 886
11 95 288
11 96 317
11 97 335
11 98 843
11 99 1391
12 0 364
12 1 602
12 2 754
12 3 285
12 4 132
12 5 382
12 6 219
12 7 248
12 8 584
12 9 323
12 10 320
12 11 260
12 12 320
12 13 153
12 14 24
12 16 324
12 17 370
12 18 412
12 19 248
12 20 448
12 21 328
12 22 763
12 23 465
12 24 140
12 25 452
12 26 366
12 27 557
12 28 664
12 29 297
12 30 212
12 31 563
12 32 246
12 33 197
12 35 233
12 36 512
12 37 329
12 38 315
12 39 312
12 40 362
12 41 298
12 42 462
12 43 48
12 44 75
12 45 286
12 46 292
12 47 148
12 48 472
12 49 84
12 50 206
12 51 172
12 52 380
12 53 876
12 54 180
12 55 525
12 56 928
12 57 552
12 58 395
12 59 310
12 60 364
12 61 87
12 62 271
12 63 118
12 64 948
12 65 348
12 66 329
12 67 813
12 68 292
12 69 167
12 70 817
12 71 589
12 72 210
12 73 339
12 74 554
12 75 404
12 76 505
12 77 585
12 78 316
12 79 682
12 80 867
12 81 458
12 82 128
12 83 183
12 84 472
12 85 213
12 86 672
12 87 88
12 88 230
12 89 131
12 90 331
12 91 709
12 92 307
12 93 364
12 94 468
12 95 428
12 96 769
12 97 331
12 98 778
12 99 168
13 0 341
13 1 571
13 2 125
13 3 163
13 4 120
13 5 173
13 6 809
13 7 307
13 8 369
13 9 40
13 10 133
13 11 232
13 12 204
13 13 454
13 14 230
13 15 327
13 16 414
13 18 206
13 20 484
13 21 444
13 22 688
13 23 375
13 24 214
13 25 301
13 26 177
13 27 381
13 28 171
13 29 188
13 30 130
13 31 380
13 32 205
13 33 441
13 34 335
13 35 1023
13 36 562
13 37 212
13 38 283
13 39 274
13 40 327
13 41 274
13 42 133
13 43 127
13 44 548
13 45 757
13 46 174
13 47 270
13 48 1095
13 49 412
13 50 210
13 51 112
13 52 452
13 53 435
13 54 64
13 55 176
13 56 774
13 57 3
13 58 215
13 59 249
13 60 237
13 61 345
13 62 80
13 63 294
13 64 384
13 66 514
13 67 185
13 68 266
13 69 658
13 70 88
13 71 54
13 72 120
13 74 27
13 75 346
13 76 565
13 77 419
13 78 528
13 79 360
13 80 550
13 81 285
13 83 558
13 84 784
13 85 341
13 86 602
13 87 16
13 88 284
13 90 853
13 91 521
13 92 984
13 93 140
13 94 123
13 95 459
13 96 244
13 97 456
13 99 137
14 0 171
14 1 395
14 2 208
14 3 80
14 4 153
14 5 577
14 6 450
14 7 342
14 9 180
14 10 222
14 11 266
14 12 515
14 13 105
14 14 622
14 15 208
14 16 114
14 17 515
14 18 757
14 19 240
14 20 214
14 21 346
14 22 655
14 23 1037
14 24 465
14 25 336
14 26 285
14 27 558
14 28 230
14 29 236
14 30 405
14 31 431
14 32 199
14 33 266
14 34 475
14 35 664
14 36 289
14 37 627
14 38 291
14 39 464
14 40 236
14 41 466
14 42 236
14 43 415
14 44 330
14 45 380
14 46 363
14 47 640
14 48 736
14 49 548
14 50 78
14 51 439
14 52 739
14 53 656
14 54 373
14 55 544
14 56 402
14 57 216
14 58 535
14 59 158
14 60 208
14 61 191
14 62 166
14 63 358
14 64 142
14 65 216
14 66 413
14 67 648
14 68 438
14 69 420
14 70 132
14 71 896
14 72 245
14 73 832
14 74 435
14 75 407
14 77 784
14 78 531
14 79 666
14 80 20
14 81 174
14 82 622
14 83 654
14 84 499
14 85 285
14 86 493
14 87 663
14 88 930
14 89 12
14 90 104
14 91 462
14 92 607
14 93 574
14 94 402
14 95 150
14 96 310
14 97 192
14 98 380
14 99 545
15 0 214
15 1 908
15 2 653
15 3 519
15 4 461
15 5 879
15 6 319
15 7 549
15 8 1002
15 9 701
15 10 796
15 11 989
15 12 1220
15 13 451
15 14 541
15 15 578
15 16 425
15 17 307
15 18 1186
15 19 1449
15 20 506
15 21 947
15 22 1047
15 23 673
15 24 1165
15 25 155
15 26 288
15 27 748
15 28 375
15 29 703
15 30 392
15 31 856
15 32 242
15 33 548
15 34 1090
15 35 258
15 36 201
15 37 688
15 38 39
15 39 656
15 40 783
15 41 704
15 42 457
15 43 667
15 44 407
15 45 360
15 46 714
15 47 1049
15 48 757
15 49 347
15 50 1071
15 51 388
15 52 277
15 53 40
15 54 461
15 55 276
15 56 1467
15 57 1117
15 58 639
15 59 649
15 60 731
15 61 119
15 62 558
15 63 210
15 64 683
15 65 973
15 66 6
15 67 1087
15 68 699
15 69 510
15 70 215
15 71 832
15 72 897
15 73 647
15 74 555
15 75 815
15 76 1461
15 77 494
15 78 1002
15 79 887
15 80 707
15 81 425
15 82 697
15 83 681
15 84 665
15 85 588
15 86 966
15 87 730
15 88 110
15 89 713
15 90 845
15 91 779
15 92 297
15 93 649
15 94 231
15 95 189
15 96 258
15 97 546
15 98 1189
15 99 783
16 0 825
16 1 400
16 2 293
16 3 316
16 5 708
16 6 48
16 7 727
16 8 442
16 9 99
16 10 1101
16 11 648
16 12 604
16 13 863
16 14 481
16 15 586
16 16 544
16 17 573
16 18 496
16 19 423
16 20 472
16 21 827
16 22 558
16 23 878
16 24 370
16 25 420
16 26 609
16 27 68
16 28 607
16 29 276
16 30 549
16 31 478
16 32 363
16 33 462
16 34 153
16 35 838
16 36 471
16 37 407
16 38 208
16 39 876
16 40 340
16 41 554
16 42 577
16 43 196
16 44 495
16 45 410
16 46 509
16 47 534
16 48 579
16 49 149
16 50 145
16 51 723
16 52 552
16 53 521
16 54 454
16 55 880
16 56 826
16 57 750
16 58 281
16 59 226
16 60 314
16 61 175
16 62 378
16 63 673
16 64 695
16 65 435
16 66 142
16 67 821
16 68 536
16 69 250
16 70 95
16 71 410
16 72 293
16 73 290
16 74 327
16 75 559
16 76 492
16 77 385
16 78 1070
16 79 941
16 80 746
16 81 296
16 82 56
16 83 936
16 84 891
16 85 807
16 86 370
16 87 705
16 88 664
16 89 739
16 90 710
16 91 592
16 92 529
16 93 362
16 94 459
16 95 712
16 96 438
16 97 389
16 98 465
16 99 518
17 0 319
17 1 515
17 2 45
17 3 245
17 4 140
17 5 411
17 6 432
17 7 138
17 8 240
17 9 192
17 10 156
17 11 642
17 12 197
17 13 420
17 14 902
17 15 248
17 16 754
17 17 416
17 18 939
17 19 388
17 20 120
17 21 384
17 22 944
17 23 646
17 24 286
17 25 415
17 26 340
17 27 231
17 28 353
17 29 162
17 30 373
17 31 4
17 32 251
17 33 478
17 34 315
17 35 400
17 36 623
17 37 176
17 38 378
17 39 274
17 40 436
17 41 112
17 42 108
17 43 287
17 44 58
17 45 384
17 46 392
17 47 250
17 48 433
17 49 292
17 50 403
17 51 584
17 52 898
17 53 453
17 54 601
17 55 262
17 56 744
17 57 468
17 58 793
17 59 400
17 60 258
17 61 463
17 62 512
17 63 152
17 64 457
17 65 496
17 66 277
17 67 220
17 68 749
17 69 53
17 70 301
17 71 520
17 72 261
17 73 536
17 74 836
17 75 619
17 76 280
17 77 441
17 78 266
17 79 877
17 80 527
17 81 415
17 82 504
17 83 795
17 84 642
17 85 506
17 86 696
17 87 446
17 88 280
17 89 185
17 90 742
17 91 201
17 92 329
17 93 508
17 94 158
17 95 200
17 96 205
17 97 368
17 98 348
17 99 244
18 0 385
18 1 152
18 2 283
18 3 344
18 4 516
18 5 292
18 6 878
18 7 140
18 8 671
18 9 180
18 10 356
18 11 558
18 12 115
18 13 22
18 14 160
18 15 302
18 16 524
18 17 641
18 18 577
18 19 252
18 20 203
18 21 448
18 22 126
18 23 534
18 24 226
18 25 163
18 26 451
18 27 469
18 28 736
18 29 651
18 30 637
18 31 408
18 32 178
18 33 104
18 34 300
18 35 239
18 36 479
18 37 292
18 38 277
18 39 262
18 41 17
18 42 148
18 43 645
18 44 608
18 45 206
18 46 400
18 47 301
18 48 77
18 49 250
18 50 550
18 51 340
18 52 690
18 53 313
18 54 170
18 55 444
18 56 266
18 57 146
18 58 326
18 59 258
18 60 642
18 61 445
18 62 30
18 63 291
18 64 520
18 65 332
18 66 484
18 67 327
18 68 321
18 69 266
18 70 337
18 71 197
18 72 126
18 73 306
18 74 497
18 75 515
18 76 218
18 77 344
18 78 390
18 79 697
18 80 42
18 81 492
18 82 108
18 83 594
18 84 232
18 85 557
18 86 461
18 87 458
18 88 328
18 89 496
18 90 532
18 91 256
18 92 247
18 93 190
18 94 104
18 95 221
18 96 498
18 97 369
18 98 264
18 99 598
19 0 509
19 1 143
19 2 183
19 3 97
19 4 203
19 5 64
19 6 801
19 7 107
19 8 964
19 9 478
19 10 696
19 11 332
19 12 250
19 13 272
19 14 743
19 15 142
19 16 679
19 17 276
19 18 519
19 19 948
19 20 36
19 21 952
19 22 891
19 23 454
19 24 326
19 25 187
19 26 82
19 27 315
19 28 515
19 29 355
19 30 257
19 31 544
19 33 247
19 34 518
19 35 420
19 36 441
19 37 785
19 38 221
19 39 599
19 40 109
19 41 200
19 42 127
19 43 383
19 44 62
19 45 56
19 46 20
19 47 405
19 48 408
19 49 260
19 50 373
19 51 682
19 52 427
19 53 574
19 54 276
19 55 602
19 56 474
19 57 66
19 58 522
19 59 142
19 60 611
19 61 125
19 62 125
19 63 14
19 64 325
19 65 36
19 66 75
19 67 366
19 68 602
19 69 24
19 70 300
19 71 520
19 72 285
19 73 180
19 74 825
19 75 397
19 76 215
19 77 247
19 78 221
19 79 402
19 80 351
19 81 300
19 82 160
19 83 892
19 84 282
19 85 507
19 86 753
19 87 914
19 88 567
19 89 344
19 90 565
19 91 628
19 92 112
19 93 218
19 94 337
19 95 196
19 96 184
19 97 187
19 98 627
19 99 626
20 0 415
20 1 377
20 2 372
20 3 165
20 4 285
20 5 959
20 6 119
20 7 107
20 8 320
20 9 126
20 10 591
20 11 429
20 12 102
20 13 169
20 14 783
20 15 66
20 16 255
20 17 39
20 18 685
20 19 738
20 20 39
20 21 750
20 22 75
20 23 435
20 24 681
20 25 76
20 26 327
20 27 367
20 28 18
20 29 269
20 30 170
20 31 172
20 32 278
20 33 120
20 34 198
20 35 180
20 36 453
20 37 251
20 38 179
20 39 389
20 40 121
20 41 30
20 43 262
20 44 130
20 45 96
20 46 24
20 47 132
20 48 523
20 49 70
20 50 307
20 51 376
20 52 217
20 53 647
20 55 433
20 56 697
20 57 129
20 58 162
20 59 381
20 60 299
20 62 39
20 63 350
20 64 381
20 65 126
20 66 80
20 67 897
20 68 469
20 69 285
20 70 410
20 71 481
20 72 284
20 73 478
20 74 510
20 75 90
20 76 574
20 77 120
20 78 505
20 79 459
20 80 259
20 81 220
20 82 58
20 83 198
20 84 564
20 85 161
20 86 274
20 87 720
20 88 421
20 89 393
20 90 270
20 91 130
20 92 331
20 93 102
20 94 56
20 95 280
20 96 66
20 97 203
20 98 244
20 99 370
21 0 155
21 1 270
21 2 89
21 3 515
21 4 105
21 5 221
21 6 834
21 7 279
21 8 212
21 11 540
21 12 604
21 13 255
21 14 630
21 15 360
21 16 70
21 17 20
21 18 121
21 19 311
21 20 329
21 21 285
21 22 540
21 24 177
21 25 522
21 26 151
21 27 92
21 28 6
21 29 144
21 30 378
21 31 90
21 33 669
21 34 375
21 35 105
21 36 780
21 37 147
21 38 236
21 39 218
21 40 578
21 41 289
21 42 198
21 43 779
21 44 351
21 45 433
21 46 230
21 47 543
21 48 246
21 49 554
21 51 318
21 52 824
21 53 791
21 54 858
21 55 443
21 56 377
21 57 182
21 58 561
21 59 480
21 60 108
21 61 339
21 62 1123
21 63 532
21 64 533
21 65 357
21 66 262
21 67 330
21 68 389
21 69 46
21 70 390
21 71 355
21 73 146
21 74 495
21 75 176
21 76 301
21 77 713
21 78 432
21 79 321
21 80 547
21 81 377
21 82 275
21 83 639
21 84 527
21 85 100
21 86 790
21 87 311
21 88 158
21 89 211
21 90 743
21 91 95
21 92 70
21 93 276
21 94 366
21 95 211
21 96 539
21 97 176
21 98 490
21 99 330
22 0 138
22 1 405
22 2 581
22 3 425
22 4 157
22 5 636
22 6 647
22 7 410
22 8 340
22 9 251
22 10 528
22 11 1061
22 12 186
22 13 427
22 14 426
22 15 990
22 16 529
22 17 540
22 18 472
22 19 222
22 20 677
22 21 512
22 22 306
22 23 483
22 24 1065
22 25 909
22 26 303
22 27 503
22 28 329
22 29 88
22 30 842
22 31 730
22 32 885
22 33 852
22 34 330
22 35 1415
22 36 266
22 37 851
22 38 324
22 39 159
22 40 296
22 41 537
22 42 677
22 43 101
22 44 776
22 45 136
22 46 1238
22 47 386
22 48 886
22 49 434
22 50 815
22 51 256
22 52 256
22 53 522
22 54 284
22 55 326
22 56 983
22 57 709
22 58 379
22 59 1311
22 60 884
22 61 307
22 62 414
22 63 52
22 64 823
22 65 452
22 66 80
22 67 650
22 68 389
22 69 620
22 70 907
22 71 1232
22 72 85
22 73 517
22 74 267
22 75 551
22 76 613
22 77 908
22 78 365
22 79 1085
22 80 245
22 81 608
22 82 480
22 83 723
22 84 1037
22 85 699
22 86 658
22 87 544
22 88 160
22 89 125
22 90 530
22 91 644
22 92 175
22 93 592
22 94 672
22 95 277
22 96 494
22 97 608
22 98 168
22 99 877
23 0 426
23 1 48
23 2 339
23 3 564
23 4 190
23 5 348
23 6 448
23 7 335
23 8 207
23 9 315
23 10 325
23 11 525
23 12 111
23 13 299
23 14 478
23 15 552
23 16 492
23 17 645
23 18 478
23 19 52
23 20 185
23 21 636
23 22 671
23 23 782
23 24 667
23 25 1358
23 26 547
23 27 540
23 28 462
23 29 399
23 30 303
23 31 568
23 32 267
23 33 333
23 34 534
23 35 555
23 36 479
23 37 366
23 38 501
23 39 96
23 40 310
23 41 584
23 42 585
23 43 374
23 44 297
23 45 894
23 46 1136
23 47 735
23 48 343
23 49 508
23 50 541
23 51 739
23 52 513
23 53 646
23 54 588
23 55 385
23 56 735
23 57 412
23 58 26
23 59 383
23 60 302
23 61 74
23 62 484
23 63 782
23 64 560
23 65 529
23 66 421
23 67 348
23 68 427
23 69 429
23 70 225
23 71 198
23 72 7
23 73 268
23 74 99
23 75 548
23 76 465
23 77 666
23 78 563
23 79 798
23 80 130
23 81 240
23 82 112
23 83 453
23 84 475
23 85 1425
23 86 213
23 87 397
23 88 541
23 89 328
23 90 469
23 91 329
23 92 265
23 93 266
23 94 473
23 95 445
23 96 225
23 97 425
23 98 363
23 99 311
24 0 853
24 1 651
24 2 331
24 3 396
24 4 442
24 5 780
24 6 846
24 7 602
24 8 491
24 9 280
24 10 359
24 11 132
24 12 322
24 13 246
24 14 781
24 15 494
24 16 203
24 17 307
24 18 446
24 19 570
24 20 240
24 21 896
24 22 488
24 23 631
24 24 449
24 25 489
24 26 394
24 27 831
24 28 45
24 29 558
24 30 161
24 31 454
24 32 302
24 33 496
24 34 806
24 35 784
24 36 216
24 37 806
24 38 320
24 39 354
24 40 360
24 41 480
24 42 287
24 43 392
24 44 792
24 45 942
24 46 459
24 47 677
24 48 1179
24 49 433
24 50 100
24 51 602
24 52 688
24 53 823
24 54 590
24 55 574
24 56 569
24 57 251
24 58 806
24 59 1012
24 60 826
24 61 282
24 62 308
24 63 766
24 64 662
24 65 114
24 66 527
24 67 516
24 68 803
24 69 846
24 70 378
24 71 269
24 72 285
24 73 368
24 74 177
24 75 525
24 76 887
24 77 866
24 78 1202
24 79 594
24 80 590
24 81 142
24 82 122
24 83 445
24 84 7
24 85 481
24 86 436
24 87 293
24 88 309
24 89 6
24 90 1372
24 91 797
24 92 318
24 93 560
24 94 196
24 95 287
24 96 247
24 97 739
24 98 55
24 99 943
25 0 684
25 1 927
25 2 857
25 3 452
25 4 18
25 5 655
25 6 943
25 7 1347
25 8 1289
25 9 334
25 10 844
25 11 767
25 12 893
25 13 492
25 14 188
25 15 651
25 16 227
25 17 225
25 18 272
25 19 304
25 20 372
25 21 912
25 22 806
25 23 640
25 24 849
25 25 393
25 26 385
25 27 1064
25 28 524
25 30 626
25 31 700
25 32 291
25 33 910
25 34 774
25 35 862
25 36 1123
25 37 625
25 38 516
25 39 804
25 40 779
25 41 185
25 42 393
25 43 652
25 44 296
25 45 420
25 46 590
25 47 919
25 48 449
25 49 686
25 50 723
25 51 719
25 52 754
25 53 841
25 54 716
25 55 892
25 56 1010
25 57 830
25 58 635
25 59 568
25 60 588
25 61 243
25 62 434
25 63 332
25 64 861
25 65 452
25 66 341
25 67 1388
25 68 445
25 69 679
25 70 677
25 71 892
25 72 474
25 73 291
25 74 1075
25 75 315
25 76 912
25 77 898
25 78 532
25 79 565
25 80 1025
25 81 673
25 82 352
25 83 583
25 84 734
25 85 396
25 86 547
25 87 491
25 88 750
25 89 133
25 90 601
25 91 744
25 92 386
25 93 480
25 94 988
25 95 439
25 96 585
25 97 382
25 98 958
25 99 298
26 0 676
26 1 341
26 2 443
26 3 378
26 4 706
26 5 660
26 6 553
26 7 390
26 8 793
26 9 432
26 10 716
26 11 495
26 12 81
26 13 24
26 14 574
26 15 377
26 16 561
26 17 559
26 18 1293
26 19 456
26 20 189
26 21 204
26 22 397
26 23 718
26 24 774
26 25 582
26 26 738
26 27 951
26 28 137
26 30 688
26 31 487
26 32 583
26 33 302
26 34 378
26 35 848
26 36 528
26 37 308
26 38 555
26 39 352
26 40 334
26 41 86
26 42 28
26 43 121
26 44 584
26 45 352
26 46 834
26 47 524
26 48 1098
26 49 340
26 50 915
26 51 420
26 52 587
26 53 942
26 54 436
26 55 338
26 56 695
26 57 360
26 58 1007
26 59 612
26 60 1145
26 61 313
26 62 32
26 63 790
26 64 37
26 65 452
26 66 468
26 67 345
26 68 260
26 69 259
26 70 755
26 71 446
26 72 82
26 73 70
26 74 321
26 75 512
26 76 656
26 77 1123
26 78 724
26 79 1036
26 80 729
26 81 272
26 82 146
26 83 426
26 84 435
26 85 609
26 86 594
26 87 259
26 88 332
26 89 348
26 90 581
26 91 394
26 92 359
26 93 44
26 94 290
26 95 428
26 96 110
26 97 373
26 98 480
26 99 831
27 0 505
27 1 588
27 2 348
27 3 325
27 4 338
27 5 476
27 6 813
27 7 139
27 8 514
27 9 243
27 10 522
27 11 622
27 12 47
27 13 349
27 14 139
27 15 118
27 16 397
27 17 445
27 18 232
27 19 300
27 20 398
27 21 125
27 22 258
27 23 169
27 24 776
27 25 516
27 26 363
27 27 517
27 28 685
27 29 221
27 30 283
27 31 651
27 32 424
27 33 112
27 34 580
27 35 251
27 36 532
27 37 432
27 38 435
27 39 422
27 40 310
27 41 375
27 42 417
27 43 246
27 44 576
27 45 208
27 46 447
27 47 402
27 48 536
27 49 69
27 50 150
27 51 354
27 52 436
27 53 1007
27 54 152
27 55 848
27 56 1286
27 57 357
27 58 206
27 59 311
27 60 369
27 61 360
27 62 267
27 63 108
27 64 160
27 65 220
27 66 319
27 67 873
27 68 211
27 69 388
27 70 303
27 71 266
27 72 9
27 73 160
27 74 476
27 75 463
27 76 389
27 77 386
27 78 262
27 79 681
27 80 614
27 81 120
27 82 8
27 83 704
27 84 830
27 85 844
27 86 947
27 87 126
27 88 244
27 89 295
27 90 274
27 91 761
27 92 807
27 93 36
27 94 216
27 95 276
27 96 345
27 97 108
27 98 338
27 99 526
28 0 464
28 1 576
28 2 727
28 3 287
28 4 95
28 5 386
28 6 1347
28 7 449
28 8 580
28 9 258
28 10 465
28 11 574
28 12 684
28 13 881
28 14 796
28 15 602
28 16 56
28 17 914
28 18 651
28 19 806
28 20 587
28 21 540
28 22 558
28 23 297
28 24 835
28 25 646
28 26 377
28 27 891
28 28 325
28 29 238
28 30 573
28 31 984
28 32 329
28 33 479
28 34 410
28 35 983
28 36 693
28 37 480
28 38 99
28 39 232
28 40 686
28 41 340
28 42 174
28 43 589
28 44 700
28 45 320
28 46 904
28 47 446
28 48 400
28 49 98
28 50 44
28 51 164
28 52 432
28 53 581
28 54 776
28 55 338
28 56 1275
28 57 824
28 58 263
28 59 659
28 60 592
28 61 395
28 62 270
28 63 438
28 64 454
28 65 879
28 66 652
28 67 650
28 68 346
28 69 857
28 70 733
28 71 953
28 72 284
28 73 683
28 74 713
28 75 380
28 76 409
28 77 593
28 78 1088
28 79 479
28 80 198
28 81 504
28 82 523
28 83 877
28 84 1394
28 85 76
28 86 1553
28 87 117
28 88 722
28 89 461
28 90 496
28 91 931
28 92 38
28 93 652
28 94 400
28 95 234
28 96 984
28 97 72
28 98 695
28 99 377
29 0 693
29 1 176
29 2 194
29 3 323
29 4 220
29 5 300
29 6 251
29 7 56
29 8 512
29 9 153
29 10 516
29 11 488
29 12 93
29 13 259
29 14 304
29 15 264
29 16 49
29 17 437
29 18 613
29 19 34
29 20 234
29 21 344
29 22 600
29 23 502
29 24 122
29 25 823
29 26 225
29 27 530
29 28 361
29 29 504
29 30 425
29 31 583
29 32 153
29 33 318
29 34 323
29 35 344
29 36 426
29 37 407
29 38 660
29 39 359
29 40 260
29 41 126
29 42 348
29 43 480
29 44 145
29 45 544
29 46 210
29 47 334
29 48 273
29 49 345
29 50 287
29 51 229
29 52 691
29 53 430
29 54 500
29 55 467
29 56 373
29 57 267
29 58 378
29 59 479
29 60 301
29 61 362
29 62 680
29 63 271
29 64 587
29 65 135
29 66 796
29 67 198
29 68 544
29 69 407
29 70 299
29 71 337
29 72 320
29 73 198
29 74 264
29 75 238
29 76 683
29 77 508
29 78 486
29 79 232
29 80 735
29 81 387
29 82 253
29 83 632
29 84 218
29 85 685
29 86 200
29 87 427
29 88 284
29 89 203
29 90 298
29 91 633
29 92 465
29 93 232
29 94 166
29 95 466
29 96 100
29 97 235
29 98 94
29 99 654
30 0 190
30 1 371
30 2 99
30 3 420
30 4 410
30 5 538
30 6 326
30 7 144
30 8 446
30 9 305
30 10 15
30 11 199
30 12 253
30 13 186
30 14 285
30 15 425
30 16 202
30 17 720
30 18 1083
30 19 96
30 20 99
30 21 143
30 22 446
30 23 537
30 24 397
30 25 772
30 26 325
30 27 813
30 28 114
30 29 568
30 30 232
30 31 17
30 32 63
30 33 296
30 34 794
30 35 135
30 36 739
30 37 145
30 38 391
30 39 343
30 40 385
30 41 60
30 42 171
30 43 478
30 44 444
30 45 880
30 46 673
30 47 483
30 49 204
30 50 30
30 51 191
30 52 539
30 53 755
30 54 432
30 55 534
30 56 872
30 57 151
30 58 588
30 59 619
30 60 799
30 61 130
30 62 697
30 64 514
30 65 548
30 66 72
30 67 324
30 68 568
30 69 14
30 70 595
30 71 3
30 72 342
30 73 24
30 74 440
30 75 646
30 76 358
30 77 216
30 78 114
30 79 467
30 80 288
30 81 144
30 82 90
30 83 483
30 84 206
30 85 361
30 86 6
30 87 730
30 88 196
30 89 54
30 90 628
30 91 354
30 92 136
30 93 526
30 94 117
30 95 112
30 96 49
30 97 3
30 98 97
30 99 95
31 0 309
31 1 252
31 2 221
31 3 858
31 4 390
31 5 588
31 6 1105
31 7 252
31 8 566
31 9 229
31 10 249
31 11 365
31 12 90
31 13 189
31 14 824
31 15 84
31 16 633
31 17 1043
31 18 564
31 19 336
31 20 208
31 21 604
31 22 885
31 23 228
31 24 267
31 25 736
31 26 226
31 27 461
31 28 547
31 29 470
31 30 61
31 31 464
31 32 457
31 33 611
31 34 228
31 35 728
31 36 524
31 37 263
31 38 452
31 39 302
31 40 36
31 42 335
31 43 335
31 44 379
31 45 792
31 46 1090
31 47 134
31 48 511
31 49 266
31 50 839
31 51 716
31 52 813
31 53 765
31 54 168
31 55 440
31 56 521
31 57 15
31 58 621
31 59 602
31 60 35
31 61 576
31 62 439
31 63 190
31 64 537
31 65 243
31 66 388
31 67 362
31 68 551
31 69 429
31 70 512
31 71 562
31 72 294
31 73 121
31 74 840
31 75 1044
31 76 240
31 77 1006
31 78 91
31 79 954
31 80 502
31 81 915
31 82 668
31 83 590
31 84 852
31 85 1084
31 86 323
31 87 623
31 88 44
31 89 511
31 90 150
31 91 514
31 92 282
31 93 1226
31 94 108
31 95 412
31 96 881
31 97 5
31 98 200
31 99 440
32 0 525
32 1 87
32 2 532
32 3 140
32 4 472
32 5 544
32 6 221
32 7 68
32 8 371
32 10 271
32 11 447
32 12 387
32 13 90
32 14 216
32 15 187
32 16 721
32 17 555
32 18 464
32 19 204
32 20 405
32 21 131
32 22 884
32 23 833
32 24 116
32 25 452
32 26 742
32 27 375
32 28 548
32 29 569
32 30 697
32 31 405
32 32 104
32 33 470
32 34 112
32 35 591
32 36 714
32 37 440
32 38 213
32 39 200
32 40 80
32 41 705
32 42 420
32 43 177
32 44 270
32 45 716
32 46 140
32 47 516
32 48 320
32 49 244
32 50 893
32 51 266
32 52 647
32 53 468
32 54 500
32 55 148
32 56 539
32 57 539
32 58 391
32 59 439
32 60 352
32 61 241
32 62 644
32 63 220
32 64 233
32 65 474
32 66 385
32 67 282
32 68 1019
32 69 611
32 70 199
32 71 896
32 72 18
32 73 474
32 74 394
32 75 460
32 76 361
32 78 530
32 79 467
32 80 517
32 81 559
32 82 196
32 83 770
32 84 444
32 85 805
32 86 184
32 87 744
32 88 889
32 89 380
32 90 229
32 91 619
32 92 763
32 93 192
32 94 735
32 95 260
32 96 598
32 97 418
32 98 1063
32 99 544
33 0 517
33 1 1464
33 2 308
33 3 787
33 4 24
33 5 557
33 6 699
33 7 518
33 8 137
33 9 446
33 10 130
33 11 688
33 12 768
33 13 488
33 14 380
33 15 300
33 16 461
33 17 635
33 18 1065
33 19 707
33 20 164
33 21 974
33 22 130
33 23 377
33 24 392
33 25 381
33 26 490
33 27 963
33 28 482
33 29 599
33 30 396
33 31 146
33 32 239
33 33 818
33 34 1093
33 35 134
33 36 436
33 37 566
33 38 975
33 39 460
33 40 850
33 41 605
33 42 491
33 43 540
33 44 450
33 45 498
33 46 570
33 47 663
33 48 656
33 49 944
33 50 349
33 51 214
33 52 994
33 53 544
33 54 1147
33 55 431
33 56 1191
33 57 499
33 58 542
33 59 163
33 60 222
33 61 410
33 62 890
33 63 522
33 64 739
33 65 987
33 66 681
33 67 567
33 68 208
33 69 634
33 70 802
33 71 492
33 72 144
33 73 810
33 74 503
33 75 320
33 76 765
33 77 1085
33 78 656
33 79 1157
33 80 258
33 81 422
33 82 501
33 83 1079
33 84 80
33 85 432
33 86 918
33 87 361
33 88 379
33 89 955
33 90 557
33 91 704
33 92 351
33 93 267
33 94 263
33 95 210
33 96 693
33 97 501
33 98 447
33 99 358
34 0 140
34 1 577
34 2 505
34 3 208
34 5 846
34 6 327
34 7 671
34 8 891
34 9 384
34 10 803
34 11 693
34 12 389
34 13 187
34 14 686
34 15 312
34 16 542
34 17 402
34 18 475
34 19 488
34 20 676
34 21 378
34 22 372
34 23 616
34 24 1086
34 25 304
34 26 80
34 27 1027
34 28 172
34 29 735
34 30 236
34 31 440
34 32 261
34 33 896
34 34 620
34 35 734
34 36 704
34 37 358
34 38 468
34 39 654
34 40 495
34 41 204
34 42 749
34 43 371
34 45 246
34 46 468
34 47 225
34 48 338
34 49 500
34 50 1435
34 51 632
34 52 380
34 53 353
34 55 583
34 56 1117
34 57 1042
34 58 510
34 59 344
34 60 435
34 61 542
34 62 348
34 63 186
34 64 336
34 65 117
34 66 315
34 67 821
34 68 453
34 69 425
34 70 700
34 71 1177
34 72 601
34 73 419
34 74 778
34 75 569
34 76 974
34 77 883
34 78 662
34 79 456
34 80 799
34 81 380
34 82 759
34 83 599
34 84 434
34 85 323
34 86 413
34 87 607
34 88 947
34 89 298
34 90 576
34 91 611
34 92 631
34 93 194
34 94 682
34 95 143
34 96 822
34 97 441
34 98 524
34 99 622
35 0 941
35 1 1021
35 2 1139
35 3 410
35 4 442
35 5 190
35 6 1612
35 7 483
35 8 1465
35 9 1029
35 10 1217
35 11 599
35 12 348
35 13 791
35 14 353
35 15 253
35 16 1069
35 17 1165
35 18 1141
35 19 746
35 20 709
35 21 975
35 22 1299
35 23 835
35 24 1423
35 25 938
35 26 330
35 27 1793
35 28 777
35 29 875
35 30 132
35 31 1108
35 32 391
35 33 1022
35 34 624
35 35 1470
35 36 1238
35 37 632
35 38 544
35 39 461
35 40 531
35 41 816
35 42 736
35 43 963
35 44 782
35 45 530
35 46 1446
35 47 889
35 48 964
35 49 647
35 50 1290
35 51 550
35 52 1107
35 53 1287
35 54 290
35 55 207
35 56 1428
35 57 517
35 58 756
35 59 758
35 60 1228
35 61 416
35 62 500
35 63 976
35 64 1792
35 65 858
35 66 784
35 67 1234
35 68 607
35 69 920
35 70 821
35 71 512
35 72 610
35 73 944
35 74 122
35 75 560
35 76 927
35 77 1084
35 78 1429
35 79 1482
35 80 839
35 81 1237
35 82 646
35 83 1177
35 84 476
35 85 1604
35 86 1091
35 87 390
35 88 535
35 89 571
35 90 707
35 91 960
35 92 802
35 93 610
35 94 520
35 95 1085
35 96 1077
35 97 1047
35 98 533
35 99 266
36 0 715
36 1 430
36 2 845
36 3 812
36 4 383
36 5 968
36 6 1009
36 7 1020
36 8 408
36 10 227
36 11 494
36 12 599
36 13 325
36 14 328
36 15 883
36 16 856
36 17 907
36 18 607
36 19 486
36 20 724
36 21 234
36 22 835
36 23 578
36 24 994
36 25 774
36 26 493
36 27 880
36 28 489
36 29 207
36 30 794
36 31 647
36 32 508
36 33 930
36 34 198
36 35 1188
36 36 597
36 37 1007
36 38 171
36 39 793
36 40 546
36 41 350
36 42 591
36 43 126
36 44 396
36 45 292
36 46 680
36 47 607
36 48 456
36 49 502
36 50 526
36 51 425
36 52 855
36 53 947
36 54 253
36 55 1224
36 56 877
36 57 563
36 58 528
36 59 1011
36 60 746
36 61 617
36 62 419
36 63 482
36 64 771
36 65 129
36 66 439
36 67 656
36 68 919
36 69 492
36 70 604
36 71 1455
36 72 215
36 73 474
36 74 378
36 75 830
36 76 704
36 77 1423
36 78 525
36 79 813
36 80 276
36 81 668
36 82 454
36 83 1457
36 84 755
36 85 753
36 86 1126
36 87 563
36 88 794
36 89 315
36 90 1130
36 91 771
36 92 355
36 93 492
36 94 950
36 95 441
36 96 689
36 97 673
36 98 868
36 99 1175
37 0 612
37 1 394
37 2 468
37 3 410
37 4 56
37 5 728
37 6 919
37 7 197
37 8 686
37 9 162
37 10 743
37 11 658
37 12 606
37 13 296
37 14 561
37 15 156
37 16 510
37 17 653
37 18 668
37 19 444
37 20 338
37 21 372
37 22 781
37 23 631
37 24 816
37 25 595
37 26 397
37 27 443
37 28 648
37 29 588
37 30 683
37 31 724
37 32 336
37 33 1048
37 34 504
37 35 826
37 36 722
37 37 626
37 38 24
37 39 861
37 40 1298
37 41 685
37 42 284
37 43 508
37 44 629
37 45 298
37 46 590
37 47 418
37 48 93
37 49 345
37 50 244
37 51 308
37 52 565
37 53 1130
37 54 720
37 55 987
37 56 627
37 57 417
37 58 452
37 59 810
37 60 154
37 61 452
37 62 473
37 63 104
37 64 774
37 65 226
37 66 464
37 67 660
37 68 1362
37 69 1111
37 71 468
37 72 538
37 73 306
37 74 236
37 75 1125
37 76 488
37 77 492
37 78 248
37 79 934
37 80 912
37 81 440
37 82 261
37 83 654
37 84 764
37 85 954
37 86 685
37 87 618
37 88 764
37 89 316
37 90 96
37 91 849
37 92 849
37 93 1254
37 94 436
37 95 242
37 96 439
37 97 66
37 98 653
37 99 664
38 0 1109
38 1 582
38 2 621
38 3 325
38 4 286
38 5 249
38 6 582
38 7 420
38 8 329
38 10 318
38 11 555
38 12 63
38 13 616
38 14 626
38 15 537
38 16 1046
38 17 436
38 18 438
38 19 649
38 20 288
38 21 521
38 22 188
38 23 551
38 24 242
38 25 228
38 26 220
38 27 497
38 28 417
38 29 75
38 30 327
38 31 282
38 32 261
38 33 599
38 34 348
38 35 240
38 36 293
38 37 301
38 38 205
38 39 630
38 40 130
38 41 75
38 42 530
38 43 376
38 44 580
38 45 602
38 46 419
38 47 260
38 48 515
38 49 749
38 50 342
38 51 574
38 52 618
38 53 689
38 54 150
38 55 358
38 56 683
38 57 78
38 58 402
38 59 236
38 60 203
38 61 108
38 62 746
38 63 506
38 64 798
38 65 249
38 66 263
38 67 976
38 68 477
38 69 503
38 70 361
38 71 554
38 72 195
38 73 503
38 74 551
38 75 72
38 76 150
38 77 1061
38 78 354
38 79 142
38 80 502
38 81 427
38 82 334
38 83 561
38 84 533
38 85 658
38 86 802
38 87 641
38 88 188
38 89 460
38 90 456
38 91 446
38 92 556
38 93 311
38 94 297
38 96 223
38 97 344
38 98 482
38 99 657
39 0 320
39 1 200
39 2 351
39 5 332
39 6 530
39 7 188
39 8 584
39 10 148
39 11 292
39 12 392
39 13 445
39 14 234
39 15 168
39 16 249
39 17 561
39 18 266
39 19 434
39 20 678
39 21 529
39 22 117
39 23 356
39 24 218
39 25 339
39 26 291
39 27 719
39 28 397
39 29 375
39 30 736
39 31 439
39 32 375
39 33 653
39 34 311
39 35 411
39 36 636
39 37 409
39 38 645
39 39 593
39 40 297
39 41 528
39 42 435
39 43 271
39 44 381
39 45 156
39 46 30
39 47 345
39 48 39
39 49 279
39 50 607
39 51 311
39 52 433
39 53 473
39 54 310
39 55 595
39 56 656
39 57 171
39 58 54
39 59 285
39 60 476
39 61 457
39 62 144
39 63 42
39 64 1053
39 65 279
39 66 167
39 67 630
39 68 329
39 69 435
39 70 282
39 71 1015
39 72 586
39 73 836
39 74 153
39 75 309
39 76 94
39 77 447
39 78 226
39 79 228
39 80 114
39 81 954
39 82 168
39 83 680
39 84 828
39 85 96
39 86 362
39 87 482
39 88 372
39 89 210
39 91 487
39 92 460
39 93 204
39 94 778
39 95 154
39 96 489
39 97 211
39 98 164
39 99 847
40 0 201
40 1 416
40 2 70
40 3 526
40 4 300
40 5 852
40 6 123
40 7 594
40 8 124
40 9 340
40 10 356
40 11 523
40 12 601
40 13 572
40 14 190
40 15 418
40 16 355
40 18 70
40 19 223
40 20 260
40 21 1051
40 22 106
40 23 663
40 24 951
40 25 163
40 26 50
40 27 286
40 28 396
40 29 362
40 30 122
40 31 188
40 32 554
40 33 454
40 34 620
40 35 631
40 36 381
40 37 711
40 38 554
40 39 686
40 41 13
40 42 444
40 43 335
40 44 244
40 45 395
40 46 159
40 47 137
40 48 585
40 49 370
40 50 184
40 51 44
40 52 151
40 53 620
40 54 219
40 55 430
40 56 796
40 57 71
40 58 166
40 59 397
40 60 481
40 61 30
40 62 72
40 63 169
40 64 696
40 65 465
40 66 66
40 67 747
40 68 39
40 69 186
40 70 78
40 71 165
40 72 126
40 73 256
40 74 60
40 75 358
40 76 530
40 77 708
40 78 427
40 79 350
40 80 417
40 81 259
40 82 88
40 83 184
40 84 536
40 85 73
40 86 351
40 87 225
40 88 99
40 90 446
40 91 319
40 92 224
40 94 581
40 95 728
40 96 511
40 97 45
40 98 264
40 99 108
41 0 14
41 1 480
41 2 195
41 3 534
41 4 440
41 5 357
41 6 580
41 7 280
41 8 100
41 10 274
41 11 538
41 12 350
41 13 32
41 14 875
41 15 334
41 16 488
41 17 493
41 18 82
41 20 180
41 21 188
41 22 300
41 23 845
41 24 835
41 25 474
41 26 50
41 27 366
41 28 225
41 29 600
41 30 272
41 31 415
41 32 386
41 33 509
41 34 336
41 35 117
41 36 801
41 37 413
41 38 347
41 39 306
41 40 202
41 41 64
41 42 296
41 43 122
41 44 176
41 45 886
41 46 736
41 47 190
41 48 428
41 49 579
41 50 658
41 51 318
41 52 734
41 53 356
41 55 800
41 56 1079
41 57 407
41 59 384
41 60 64
41 61 674
41 62 353
41 63 66
41 64 640
41 65 377
41 66 335
41 68 694
41 69 328
41 70 342
41 71 435
41 72 400
41 74 213
41 75 1052
41 76 420
41 77 708
41 78 458
41 79 990
41 82 200
41 83 241
41 84 823
41 85 630
41 86 379
41 87 238
41 88 20
41 89 230
41 90 653
41 91 140
41 92 100
41 93 384
41 94 79
41 96 362
41 98 165
41 99 224
42 0 425
42 1 486
42 2 580
42 3 311
42 4 360
42 5 800
42 6 674
42 7 281
42 8 1015
42 9 2
42 10 358
42 11 1126
42 12 111
42 13 229
42 14 893
42 15 404
42 16 103
42 17 545
42 18 562
42 19 232
42 20 55
42 21 397
42 22 532
42 23 555
42 24 494
42 25 872
42 26 237
42 27 728
42 28 271
42 29 630
42 30 294
42 31 466
42 32 330
42 33 283
42 34 528
42 35 24
42 36 632
42 37 692
42 38 15
42 39 1023
42 40 470
42 41 496
42 42 535
42 43 158
42 44 461
42 45 1015
42 46 694
42 47 376
42 48 281
42 49 203
42 50 545
42 51 606
42 52 432
42 53 820
42 54 626
42 55 1242
42 56 643
42 57 584
42 58 46
42 59 355
42 60 320
42 61 291
42 62 401
42 63 102
42 64 402
42 65 229
42 66 298
42 67 717
42 68 309
42 69 523
42 70 801
42 71 364
42 72 708
42 73 360
42 74 921
42 75 779
42 76 816
42 77 508
42 78 816
42 79 604
42 80 758
42 81 523
42 82 279
42 83 1043
42 84 478
42 85 220
42 86 340
42 87 325
42 88 291
42 89 151
42 90 625
42 91 809
42 92 561
42 93 659
42 94 420
42 95 165
42 96 57
42 97 381
42 98 625
42 99 149
43 0 587
43 1 347
43 2 466
43 3 466
43 4 818
43 5 637
43 6 961
43 7 398
43 8 859
43 9 268
43 10 735
43 11 274
43 12 72
43 13 285
43 14 1237
43 15 783
43 16 832
43 17 243
43 18 600
43 19 400
43 20 247
43 21 264
43 22 1363
43 23 830
43 24 704
43 25 311
43 26 564
43 27 229
43 28 392
43 29 223
43 30 690
43 31 1032
43 32 276
43 33 295
43 34 697
43 35 475
43 36 591
43 37 563
43 38 340
43 39 156
43 40 364
43 41 234
43 42 180
43 43 84
43 44 612
43 45 721
43 46 620
43 47 586
43 48 772
43 49 421
43 50 443
43 51 332
43 52 1096
43 53 655
43 54 748
43 55 534
43 56 823
43 57 390
43 58 1388
43 59 475
43 60 720
43 61 251
43 62 178
43 63 277
43 64 399
43 65 130
43 66 341
43 67 333
43 68 664
43 69 440
43 70 442
43 71 237
43 72 200
43 74 1132
43 75 1110
43 76 735
43 77 221
43 78 764
43 79 782
43 80 845
43 81 463
43 82 499
43 83 323
43 84 870
43 85 710
43 86 1080
43 87 158
43 88 459
43 89 310
43 90 867
43 91 766
43 92 521
43 93 588
43 94 274
43 95 632
43 96 498
43 97 344
43 98 1347
43 99 324
44 0 860
44 1 714
44 2 428
44 3 342
44 4 14
44 5 439
44 6 939
44 7 173
44 8 545
44 9 414
44 10 626
44 11 714
44 12 445
44 13 444
44 14 370
44 15 653
44 16 513
44 17 724
44 18 337
44 19 1353
44 20 298
44 21 1278
44 22 290
44 23 291
44 24 329
44 25 793
44 26 310
44 27 185
44 28 113
44 29 404
44 30 754
44 31 700
44 32 262
44 33 664
44 34 1247
44 35 721
44 36 272
44 37 624
44 38 644
44 39 521
44 40 983
44 41 235
44 42 691
44 43 575
44 44 91
44 45 320
44 46 138
44 47 154
44 48 151
44 49 304
44 50 93
44 51 754
44 52 202
44 53 143
44 54 911
44 55 460
44 56 994
44 57 319
44 58 350
44 59 683
44 60 575
44 61 165
44 62 744
44 63 337
44 64 777
44 65 649
44 66 529
44 67 232
44 68 655
44 69 627
44 70 909
44 71 637
44 72 534
44 73 813
44 74 491
44 75 835
44 76 738
44 77 890
44 78 596
44 79 1253
44 80 306
44 81 148
44 82 282
44 83 328
44 84 323
44 85 520
44 86 997
44 87 812
44 88 451
44 89 899
44 90 1383
44 91 218
44 92 178
44 93 654
44 94 228
44 95 80
44 96 383
44 97 244
44 98 152
44 99 590
45 0 462
45 1 340
45 2 172
45 3 303
45 4 135
45 5 126
45 6 730
45 7 452
45 8 310
45 10 341
45 11 510
45 12 355
45 13 288
45 14 445
45 15 298
45 16 411
45 17 410
45 18 509
45 19 502
45 20 102
45 21 339
45 22 146
45 23 248
45 24 153
45 25 429
45 26 467
45 27 384
45 28 238
45 29 222
45 30 379
45 31 426
45 33 295
45 34 193
45 35 49
45 36 140
45 37 195
45 38 204
45 39 514
45 40 121
45 41 178
45 42 883
45 43 566
45 44 338
45 45 80
45 46 136
45 47 169
45 48 366
45 49 764
45 50 356
45 51 637
45 52 631
45 53 431
45 54 484
45 55 208
45 56 187
45 57 108
45 58 108
45 59 71
45 60 36
45 62 864
45 63 429
45 64 747
45 65 271
45 66 337
45 67 203
45 68 117
45 69 388
45 70 137
45 71 319
45 72 225
45 73 951
45 74 235
45 75 184
45 76 625
45 77 370
45 78 1059
45 79 607
45 80 420
45 81 411
45 82 279
45 83 674
45 84 60
45 85 405
45 86 306
45 87 3
45 88 238
45 89 119
45 90 256
45 91 204
45 92 282
45 93 154
45 94 315
45 95 9
45 96 76
45 97 472
45 98 3
45 99 472
46 0 495
46 1 774
46 2 492
46 3 268
46 4 254
46 5 571
46 6 621
46 7 325
46 8 689
46 9 120
46 10 369
46 11 573
46 12 492
46 13 206
46 14 816
46 15 190
46 16 472
46 17 497
46 18 300
46 19 612
46 20 52
46 21 899
46 22 1030
46 23 512
46 24 661
46 25 376
46 26 231
46 27 565
46 28 240
46 29 100
46 30 152
46 31 734
46 32 92
46 33 994
46 34 685
46 35 383
46 36 625
46 37 738
46 38 555
46 39 499
46 40 490
46 41 64
46 42 499
46 43 401
46 44 80
46 45 415
46 46 595
46 47 398
46 48 270
46 49 416
46 50 282
46 51 276
46 52 772
46 53 723
46 54 581
46 55 658
46 56 817
46 57 160
46 58 455
46 59 678
46 60 457
46 61 215
46 62 164
46 63 356
46 64 615
46 65 220
46 66 423
46 67 476
46 68 862
46 69 555
46 70 430
46 71 484
46 72 65
46 73 15
46 74 870
46 75 760
46 76 959
46 77 737
46 78 624
46 79 802
46 80 322
46 81 153
46 82 80
46 83 391
46 84 712
46 85 245
46 86 784
46 87 410
46 88 136
46 89 412
46 90 932
46 91 295
46 92 53
46 93 858
46 94 193
46 95 478
46 96 324
46 97 239
46 98 332
46 99 884
47 0 476
47 1 591
47 2 158
47 3 132
47 4 119
47 5 683
47 6 233
47 7 44
47 8 346
47 9 186
47 10 174
47 11 614
47 12 404
47 13 252
47 14 516
47 15 411
47 16 289
47 17 576
47 18 372
47 19 446
47 20 102
47 21 455
47 22 472
47 23 615
47 24 312
47 25 816
47 26 139
47 27 324
47 28 105
47 29 144
47 30 258
47 31 389
47 32 85
47 33 405
47 34 278
47 35 332
47 36 183
47 37 628
47 38 156
47 39 544
47 40 712
47 41 384
47 42 234
47 43 242
47 44 280
47 45 892
47 46 578
47 47 552
47 48 265
47 49 131
47 50 286
47 51 302
47 52 500
47 53 337
47 54 254
47 55 492
47 56 987
47 57 361
47 58 373
47 59 543
47 60 227
47 61 78
47 62 188
47 63 238
47 64 90
47 65 170
47 66 144
47 67 250
47 68 381
47 69 792
47 70 199
47 71 236
47 72 180
47 73 236
47 74 21
47 75 1199
47 76 302
47 77 398
47 78 285
47 79 972
47 80 387
47 81 98
47 82 23
47 83 407
47 84 167
47 85 870
47 86 666
47 87 321
47 88 298
47 89 335
47 90 531
47 91 505
47 92 56
47 93 910
47 94 289
47 95 423
47 96 126
47 97 222
47 98 579
47 99 438
48 0 876
48 1 773
48 2 481
48 3 123
48 4 252
48 5 1001
48 6 950
48 7 142
48 8 488
48 9 386
48 10 497
48 11 268
48 12 298
48 13 443
48 14 762
48 15 586
48 16 430
48 17 680
48 18 858
48 19 464
48 20 277
48 21 1304
48 22 494
48 23 557
48 24 544
48 25 519
48 26 312
48 27 976
48 28 279
48 29 510
48 30 332
48 31 595
48 32 193
48 33 714
48 34 541
48 35 755
48 36 749
48 37 1063
48 38 207
48 39 722
48 40 76
48 41 368
48 42 181
48 43 494
48 44 807
48 45 881
48 46 465
48 47 911
48 48 702
48 49 347
48 50 357
48 51 726
48 52 1245
48 53 998
48 54 237
48 55 757
48 56 1178
48 57 686
48 58 372
48 59 950
48 60 1139
48 61 313
48 62 148
48 63 565
48 64 1067
48 65 365
48 66 82
48 67 1345
48 68 670
48 69 326
48 70 480
48 71 678
48 72 312
48 73 41
48 74 870
48 75 80
48 76 674
48 77 560
48 78 815
48 79 252
48 80 217
48 81 980
48 82 99
48 83 950
48 84 398
48 85 406
48 86 442
48 87 1626
48 88 1030
48 89 872
48 90 828
48 91 1028
48 92 893
48 93 84
48 94 721
48 95 818
48 96 256
48 97 826
48 98 547
48 99 451
49 0 1563
49 1 288
49 2 310
49 3 365
49 4 75
49 5 534
49 6 542
49 7 702
49 8 647
49 9 566
49 10 561
49 11 746
49 12 1003
49 13 268
49 14 187
49 15 934
49 16 364
49 17 638
49 18 622
49 19 421
49 20 378
49 21 371
49 22 711
49 23 310
49 24 453
49 25 983
49 26 206
49 27 800
49 28 30
49 29 462
49 30 251
49 31 597
49 32 82
49 33 643
49 34 804
49 35 446
49 36 46
49 37 382
49 38 285
49 39 643
49 40 431
49 41 251
49 42 414
49 43 180
49 44 582
49 45 542
49 46 781
49 47 819
49 48 132
49 49 56
49 50 501
49 51 409
49 52 454
49 53 532
49 54 214
49 55 626
49 56 501
49 57 90
49 58 802
49 59 906
49 60 1051
49 61 96
49 62 562
49 63 165
49 64 279
49 65 294
49 66 362
49 67 517
49 68 131
49 69 510
49 70 649
49 71 710
49 72 583
49 73 548
49 74 303
49 75 587
49 76 778
49 77 416
49 78 695
49 79 251
49 80 926
49 81 319
49 82 163
49 83 675
49 84 38
49 85 1087
49 86 560
49 87 168
49 88 78
49 89 388
49 90 699
49 91 1062
49 92 204
49 93 252
49 94 536
49 95 760
49 96 454
49 97 435
49 98 415
49 99 696
50 0 157
50 1 477
50 2 326
50 3 263
50 4 252
50 5 274
50 6 700
50 7 104
50 8 216
50 10 141
50 11 720
50 12 188
50 13 213
50 14 304
50 15 297
50 16 36
50 17 150
50 18 379
50 19 537
50 20 223
50 21 325
50 22 359
50 23 322
50 24 592
50 25 599
50 26 148
50 27 156
50 28 339
50 29 477
50 30 406
50 31 547
50 32 350
50 33 629
50 34 498
50 35 360
50 36 374
50 37 784
50 38 455
50 39 440
50 40 437
50 41 596
50 42 373
50 43 22
50 44 183
50 45 132
50 46 350
50 47 407
50 48 285
50 49 517
50 50 378
50 51 416
50 52 528
50 53 57
50 54 741
50 55 104
50 56 647
50 57 534
50 58 219
50 59 937
50 60 251
50 61 208
50 62 303
50 63 80
50 64 590
50 65 374
50 66 389
50 67 724
50 68 553
50 69 743
50 70 289
50 71 828
50 72 640
50 73 417
50 74 350
50 75 280
50 76 497
50 77 150
50 78 557
50 79 675
50 80 234
50 81 96
50 82 275
50 83 299
50 84 306
50 85 134
50 86 312
50 87 330
50 88 238
50 89 516
50 90 738
50 91 208
50 92 321
50 93 659
50 94 356
50 95 162
50 96 106
50 97 314
50 98 316
50 99 219
51 0 200
51 1 831
51 2 385
51 3 419
51 4 182
51 5 553
51 6 342
51 7 266
51 8 561
51 9 480
51 10 245
51 11 588
51 12 492
51 13 239
51 14 325
51 15 766
51 16 448
51 17 274
51 18 604
51 19 124
51 20 516
51 21 202
51 22 234
51 23 494
51 24 425
51 25 19
51 26 148
51 27 378
51 28 676
51 29 152
51 30 473
51 31 442
51 32 114
51 33 96
51 34 554
51 35 442
51 36 652
51 37 287
51 38 55
51 39 432
51 40 468
51 41 652
51 42 732
51 43 527
51 44 343
51 45 244
51 46 104
51 47 764
51 48 266
51 49 322
51 50 695
51 51 600
51 52 326
51 53 688
51 54 164
51 55 531
51 56 728
51 57 792
51 58 275
51 59 257
51 60 264
51 61 246
51 62 336
51 63 248
51 64 726
51 65 256
51 66 129
51 67 883
51 68 342
51 69 20
51 70 537
51 71 648
51 72 117
51 73 112
51 74 352
51 75 244
51 76 829
51 77 464
51 78 114
51 79 564
51 80 238
51 81 581
51 82 422
51 83 827
51 84 682
51 85 980
51 86 551
51 87 660
51 88 687
51 89 230
51 90 250
51 91 683
51 92 619
51 93 24
51 94 973
51 95 660
51 96 437
51 97 426
51 98 321
51 99 477
52 0 76
52 1 340
52 2 356
52 3 71
52 4 545
52 5 857
52 6 460
52 7 191
52 8 187
52 9 427
52 10 125
52 11 220
52 12 270
52 13 76
52 14 259
52 15 491
52 16 525
52 17 1046
52 18 1139
52 19 276
52 20 525
52 21 684
52 22 447
52 23 1078
52 24 711
52 25 758
52 26 711
52 27 1120
52 28 90
52 29 633
52 30 962
52 31 455
52 32 323
52 33 683
52 34 483
52 35 987
52 36 381
52 37 612
52 38 138
52 39 229
52 40 89
52 41 342
52 42 291
52 43 220
52 44 355
52 45 675
52 46 624
52 47 611
52 48 158
52 49 262
52 50 116
52 52 204
52 53 293
52 54 421
52 55 226
52 56 1162
52 57 432
52 58 433
52 59 815
52 60 812
52 63 193
52 64 583
52 65 923
52 66 48
52 67 862
52 68 540
52 69 565
52 70 504
52 71 501
52 72 25
52 73 794
52 74 152
52 75 802
52 76 428
52 77 70
52 78 332
52 79 585
52 80 43
52 81 161
52 82 112
52 83 514
52 84 417
52 85 492
52 86 643
52 87 892
52 88 758
52 89 20
52 90 318
52 91 207
52 92 455
52 93 384
52 94 539
52 95 543
52 96 571
52 97 419
52 98 406
52 99 340
53 0 553
53 1 481
53 2 137
53 3 419
53 4 181
53 5 76
53 6 461
53 7 708
53 8 283
53 9 205
53 10 189
53 11 582
53 12 277
53 13 306
53 14 251
53 15 146
53 16 577
53 17 212
53 18 88
53 19 320
53 20 116
53 21 905
53 22 528
53 23 408
53 24 357
53 25 460
53 26 254
53 27 598
53 28 374
53 29 36
53 30 19
53 31 414
53 32 565
53 33 809
53 34 773
53 35 603
53 36 465
53 37 406
53 38 278
53 39 395
53 40 188
53 41 15
53 42 473
53 43 158
53 44 92
53 45 484
53 46 775
53 47 48
53 48 206
53 49 317
53 50 386
53 51 183
53 52 308
53 53 674
53 54 322
53 55 309
53 56 506
53 57 3
53 58 435
53 59 323
53 60 185
53 61 36
53 62 91
53 63 80
53 64 363
53 65 198
53 66 167
53 67 812
53 68 752
53 69 250
53 70 210
53 71 245
53 74 184
53 75 650
53 76 66
53 77 595
53 78 224
53 79 660
53 80 593
53 81 171
53 82 242
53 83 124
53 84 120
53 85 663
53 86 489
53 87 332
53 88 55
53 89 16
53 90 468
53 91 251
53 92 517
53 93 767
53 94 339
53 95 432
53 96 229
53 97 21
53 98 216
53 99 261
54 0 496
54 1 410
54 2 314
54 3 683
54 4 557
54 5 490
54 6 768
54 7 314
54 8 297
54 9 204
54 10 229
54 11 530
54 12 332
54 13 313
54 14 490
54 15 631
54 16 552
54 17 902
54 18 1107
54 19 20
54 20 50
54 21 592
54 22 132
54 23 254
54 24 582
54 25 503
54 26 375
54 27 790
54 28 180
54 29 385
54 30 329
54 31 916
54 32 430
54 33 396
54 34 262
54 35 224
54 36 668
54 37 654
54 38 366
54 39 381
54 40 507
54 41 205
54 42 84
54 43 640
54 44 293
54 45 502
54 46 828
54 47 1290
54 48 392
54 49 418
54 50 490
54 51 377
54 52 288
54 53 412
54 54 160
54 55 347
54 56 758
54 57 619
54 58 460
54 59 712
54 60 708
54 61 485
54 62 140
54 63 466
54 64 405
54 65 84
54 66 698
54 67 147
54 68 103
54 69 252
54 70 618
54 71 741
54 72 552
54 73 284
54 74 479
54 75 28
54 76 446
54 77 792
54 78 144
54 79 634
54 80 149
54 81 283
54 82 70
54 83 789
54 84 786
54 85 805
54 86 532
54 87 598
54 88 422
54 89 476
54 90 660
54 91 206
54 92 1
54 93 156
54 94 599
54 95 96
54 96 690
54 97 243
54 98 510
54 99 438
55 0 461
55 1 742
55 2 130
55 6 744
55 7 350
55 8 60
55 9 468
55 10 19
55 11 27
55 12 471
55 13 55
55 14 18
55 15 439
55 16 253
55 17 374
55 18 433
55 19 613
55 20 86
55 21 423
55 22 115
55 23 112
55 24 42
55 25 656
55 26 323
55 27 418
55 28 10
55 29 162
55 30 45
55 31 55
55 32 162
55 33 240
55 34 564
55 35 24
55 36 30
55 38 18
55 39 185
55 40 198
55 41 252
55 42 201
55 43 130
55 44 253
55 45 80
55 46 116
55 47 389
55 48 456
55 49 326
55 50 36
55 51 145
55 52 460
55 53 360
55 54 53
55 55 107
55 56 280
55 57 768
55 58 6
55 59 252
55 60 117
55 61 12
55 62 384
55 64 258
55 65 460
55 66 182
55 67 116
55 68 139
55 69 483
55 70 395
55 71 253
55 72 394
55 73 458
55 75 64
55 76 169
55 77 169
55 78 451
55 79 152
55 82 140
55 83 36
55 84 13
55 85 231
55 86 618
55 87 43
55 88 200
55 89 144
55 90 208
55 91 548
55 93 175
55 94 493
55 95 45
55 96 21
55 98 238
55 99 415
56 0 442
56 1 995
56 2 262
56 3 325
56 4 273
56 5 717
56 6 562
56 7 733
56 8 117
56 9 154
56 10 594
56 11 300
56 12 312
56 13 619
56 14 958
56 15 691
56 16 435
56 17 547
56 18 238
56 19 32
56 20 447
56 21 688
56 22 475
56 23 713
56 24 415
56 25 700
56 26 198
56 27 604
56 28 135
56 29 717
56 30 787
56 31 722
56 32 231
56 33 546
56 34 892
56 35 974
56 36 974
56 37 798
56 38 662
56 39 714
56 40 605
56 41 275
56 42 1235
56 43 683
56 44 895
56 45 438
56 46 658
56 47 463
56 48 588
56 49 816
56 50 215
56 51 556
56 52 838
56 53 985
56 54 1187
56 55 505
56 56 1394
56 57 168
56 58 676
56 59 649
56 60 286
56 61 370
56 62 1093
56 63 258
56 64 1107
56 65 540
56 66 238
56 67 1276
56 68 718
56 69 472
56 70 454
56 71 791
56 72 331
56 73 419
56 74 862
56 75 485
56 76 280
56 77 722
56 78 673
56 79 618
56 80 34
56 81 579
56 82 336
56 83 899
56 84 1041
56 85 262
56 86 562
56 87 699
56 88 758
56 89 276
56 90 678
56 91 762
56 92 312
56 93 818
56 94 889
56 95 863
56 96 521
56 97 314
56 98 355
56 99 243
57 0 297
57 1 370
57 2 712
57 3 44
57 4 36
57 5 409
57 6 453
57 7 282
57 8 557
57 9 423
57 10 570
57 11 304
57 12 280
57 13 269
57 14 57
57 15 310
57 16 301
57 18 204
57 19 233
57 20 570
57 21 839
57 22 579
57 23 413
57 24 1176
57 25 586
57 26 23
57 27 585
57 28 365
57 29 867
57 30 314
57 31 512
57 32 156
57 33 358
57 34 466
57 35 776
57 36 468
57 37 673
57 38 8
57 39 387
57 40 208
57 41 514
57 42 293
57 43 201
57 44 392
57 45 648
57 46 573
57 47 543
57 48 888
57 49 210
57 50 372
57 51 340
57 52 229
57 53 63
57 54 337
57 55 212
57 56 1029
57 57 415
57 58 221
57 59 376
57 60 225
57 62 49
57 63 580
57 64 1022
57 65 293
57 66 227
57 67 1031
57 68 117
57 69 243
57 70 389
57 71 387
57 72 112
57 73 109
57 74 681
57 75 362
57 76 686
57 77 692
57 78 750
57 79 364
57 80 414
57 81 349
57 82 290
57 83 593
57 84 534
57 85 385
57 86 441
57 87 221
57 88 426
57 89 20
57 90 757
57 91 177
57 92 332
57 93 328
57 94 195
57 95 195
57 96 167
57 97 631
57 98 1012
57 99 620
58 1 139
58 2 435
58 3 131
58 4 109
58 5 338
58 6 962
58 7 420
58 8 444
58 10 198
58 11 748
58 12 289
58 13 360
58 14 767
58 15 162
58 16 145
58 17 607
58 18 281
58 19 529
58 20 391
58 21 437
58 22 344
58 23 243
58 24 170
58 25 646
58 26 775
58 27 493
58 28 680
58 29 603
58 30 309
58 31 617
58 32 472
58 33 380
58 34 412
58 35 415
58 36 790
58 37 382
58 38 286
58 39 700
58 40 99
58 41 684
58 42 610
58 43 234
58 44 445
58 45 290
58 46 429
58 47 243
58 48 87
58 50 637
58 51 568
58 52 372
58 53 742
58 54 924
58 55 288
58 56 572
58 57 474
58 58 337
58 59 203
58 60 466
58 61 138
58 62 100
58 63 253
58 64 426
58 65 320
58 66 171
58 67 196
58 68 633
58 69 374
58 70 779
58 71 777
58 72 351
58 73 783
58 74 401
58 75 558
58 76 207
58 77 6
58 78 571
58 79 540
58 80 404
58 81 342
58 82 222
58 83 278
58 84 967
58 85 166
58 86 722
58 87 139
58 88 263
58 89 57
58 90 121
58 91 395
58 92 333
58 93 172
58 94 348
58 95 357
58 96 534
58 97 36
58 98 354
58 99 934
59 0 732
59 1 348
59 2 448
59 3 316
59 4 366
59 5 611
59 6 419
59 7 345
59 8 354
59 9 212
59 10 594
59 11 605
59 12 260
59 13 400
59 14 56
59 15 849
59 16 414
59 17 299
59 18 299
59 19 249
59 20 341
59 21 371
59 22 365
59 23 590
59 24 658
59 25 220
59 26 295
59 27 329
59 28 379
59 29 726
59 30 373
59 31 782
59 32 131
59 33 464
59 34 637
59 35 945
59 36 790
59 37 934
59 38 390
59 39 231
59 40 610
59 41 203
59 42 597
59 43 626
59 44 372
59 45 440
59 46 247
59 47 565
59 48 72
59 49 132
59 50 923
59 51 708
59 52 864
59 53 641
59 54 896
59 55 765
59 56 740
59 57 682
59 58 657
59 59 569
59 60 508
59 61 248
59 62 336
59 63 922
59 64 396
59 65 42
59 66 453
59 67 585
59 68 589
59 69 432
59 70 791
59 71 688
59 72 55
59 73 228
59 74 921
59 75 591
59 76 774
59 77 739
59 78 594
59 79 1113
59 80 608
59 81 404
59 82 353
59 83 860
59 84 411
59 85 493
59 86 78
59 87 476
59 88 1252
59 89 414
59 90 922
59 91 776
59 92 500
59 93 398
59 94 665
59 95 443
59 96 65
59 97 824
59 98 661
59 99 459
60 0 1164
60 1 1109
60 2 744
60 3 455
60 4 120
60 5 586
60 6 747
60 7 291
60 8 999
60 9 111
60 10 342
60 11 1340
60 12 800
60 13 683
60 14 395
60 15 622
60 16 632
60 17 442
60 18 826
60 19 639
60 20 212
60 21 995
60 22 741
60 23 184
60 24 723
60 25 569
60 26 673
60 27 916
60 28 355
60 29 566
60 30 420
60 31 684
60 32 311
60 33 1492
60 34 601
60 35 512
60 36 988
60 37 623
60 38 239
60 39 311
60 40 739
60 41 606
60 42 442
60 43 584
60 44 481
60 45 1022
60 46 506
60 47 1143
60 48 464
60 49 757
60 50 825
60 51 563
60 52 640
60 53 521
60 54 632
60 55 587
60 56 1308
60 57 597
60 58 464
60 59 832
60 60 536
60 61 306
60 62 778
60 63 550
60 64 1249
60 65 780
60 66 978
60 67 1053
60 68 723
60 69 436
60 70 727
60 71 491
60 72 376
60 73 376
60 74 586
60 75 614
60 76 833
60 77 473
60 78 368
60 79 664
60 80 1035
60 81 330
60 82 430
60 83 1322
60 84 795
60 85 1089
60 86 930
60 87 836
60 88 451
60 89 841
60 90 942
60 91 341
60 92 670
60 93 893
60 94 263
60 95 472
60 96 743
60 97 231
60 98 1100
60 99 724
61 0 96
61 1 858
61 2 213
61 3 896
61 4 210
61 5 736
61 6 314
61 7 550
61 8 402
61 9 176
61 10 164
61 11 314
61 12 448
61 13 215
61 14 592
61 15 134
61 16 34
61 17 310
61 18 242
61 19 350
61 20 320
61 21 600
61 22 70
61 23 232
61 24 639
61 25 233
61 26 181
61 27 416
61 28 360
61 29 246
61 30 270
61 31 420
61 32 425
61 33 301
61 34 105
61 35 502
61 36 362
61 37 126
61 38 52
61 39 638
61 40 50
61 41 84
61 42 359
61 43 132
61 44 240
61 45 366
61 46 472
61 47 178
61 48 154
61 49 50
61 50 616
61 51 104
61 52 459
61 53 334
61 54 374
61 55 708
61 56 423
61 57 250
61 58 334
61 59 105
61 60 330
61 63 102
61 64 692
61 65 533
61 66 193
61 67 707
61 68 541
61 69 376
61 70 166
61 71 292
61 72 200
61 73 324
61 74 243
61 75 114
61 76 659
61 77 180
61 78 392
61 79 335
61 80 368
61 81 52
61 82 122
61 83 176
61 84 532
61 85 302
61 86 485
61 87 106
61 88 245
61 89 8
61 90 164
61 91 30
61 92 336
61 93 87
61 94 535
61 95 617
61 96 927
61 97 80
61 98 96
61 99 729
62 0 629
62 1 769
62 2 780
62 3 212
62 4 212
62 5 338
62 6 436
62 7 143
62 8 454
62 9 351
62 10 591
62 11 837
62 12 415
62 13 452
62 14 468
62 15 298
62 16 319
62 17 292
62 18 233
62 19 558
62 20 17
62 21 381
62 22 407
62 23 395
62 24 253
62 25 847
62 26 224
62 27 200
62 28 158
62 29 802
62 30 26
62 31 138
62 32 244
62 33 556
62 34 595
62 35 96
62 36 559
62 37 369
62 38 7
62 39 226
62 40 107
62 41 807
62 42 385
62 43 71
62 44 984
62 45 273
62 46 395
62 47 706
62 48 659
62 49 22
62 50 166
62 51 151
62 52 446
62 53 789
62 54 364
62 55 18
62 56 1346
62 57 243
62 58 795
62 59 691
62 60 462
62 62 617
62 63 377
62 64 224
62 65 477
62 66 117
62 67 641
62 68 693
62 69 649
62 70 1024
62 71 738
62 72 688
62 73 350
62 74 464
62 75 566
62 76 314
62 77 365
62 78 1145
62 79 446
62 80 286
62 81 180
62 82 246
62 83 722
62 84 300
62 85 536
62 86 299
62 87 214
62 88 86
62 89 419
62 90 406
62 91 589
62 92 120
62 93 265
62 94 247
62 95 415
62 96 139
62 97 177
62 98 587
62 99 526
63 0 537
63 1 340
63 2 437
63 3 312
63 4 88
63 5 160
63 6 546
63 7 447
63 8 579
63 9 102
63 10 591
63 11 739
63 12 431
63 14 649
63 15 507
63 16 620
63 17 121
63 18 221
63 19 462
63 20 225
63 21 825
63 22 719
63 23 166
63 24 635
63 25 503
63 26 508
63 27 300
63 28 414
63 29 261
63 30 559
63 31 1211
63 32 140
63 33 299
63 34 120
63 35 1051
63 36 410
63 37 378
63 38 10
63 39 445
63 40 250
63 41 124
63 42 509
63 43 901
63 44 380
63 45 588
63 46 499
63 47 644
63 48 677
63 49 403
63 50 550
63 51 580
63 52 316
63 53 409
63 54 510
63 55 407
63 56 605
63 57 216
63 58 192
63 59 889
63 60 48
63 61 344
63 62 241
63 63 511
63 64 606
63 65 162
63 66 552
63 67 536
63 68 180
63 69 142
63 70 422
63 71 808
63 72 302
63 73 250
63 74 1107
63 75 248
63 76 684
63 77 681
63 78 378
63 79 281
63 80 357
63 81 952
63 82 118
63 83 322
63 84 748
63 85 273
63 86 252
63 87 450
63 88 448
63 89 431
63 90 712
63 91 348
63 92 344
63 93 564
63 94 213
63 95 209
63 96 381
63 97 209
63 98 1062
63 99 810
64 0 259
64 1 189
64 2 143
64 3 475
64 4 440
64 5 243
64 6 460
64 7 546
64 8 412
64 9 74
64 10 168
64 11 236
64 12 407
64 13 136
64 14 439
64 15 591
64 16 336
64 18 746
64 19 92
64 20 368
64 21 572
64 22 226
64 23 518
64 24 672
64 25 557
64 26 225
64 27 550
64 28 78
64 29 158
64 30 980
64 31 400
64 32 311
64 33 404
64 34 378
64 35 347
64 36 967
64 37 246
64 38 240
64 39 234
64 40 454
64 41 544
64 42 329
64 43 252
64 44 220
64 45 352
64 46 578
64 47 291
64 48 459
64 49 833
64 50 529
64 51 156
64 52 357
64 53 549
64 54 440
64 55 476
64 56 842
64 57 406
64 58 210
64 59 392
64 60 228
64 61 346
64 62 700
64 63 138
64 64 775
64 65 218
64 66 256
64 67 776
64 68 330
64 69 12
64 70 494
64 71 594
64 72 15
64 73 200
64 74 160
64 75 378
64 76 588
64 77 549
64 78 353
64 79 639
64 80 68
64 81 360
64 82 497
64 83 569
64 84 314
64 85 572
64 86 157
64 87 609
64 88 196
64 90 282
64 91 409
64 92 386
64 93 228
64 94 345
64 95 167
64 96 94
64 97 224
64 98 274
64 99 348
65 0 581
65 1 839
65 2 580
65 3 304
65 5 421
65 6 162
65 7 820
65 8 260
65 10 613
65 11 528
65 12 775
65 13 165
65 14 252
65 15 226
65 16 153
65 17 380
65 18 601
65 19 249
65 20 526
65 21 436
65 22 295
65 23 252
65 24 397
65 25 221
65 26 174
65 27 900
65 28 512
65 29 380
65 30 491
65 31 609
65 32 208
65 33 242
65 34 255
65 35 992
65 36 149
65 37 334
65 38 150
65 39 734
65 40 324
65 41 224
65 42 566
65 43 735
65 44 300
65 45 12
65 46 209
65 47 48
65 48 359
65 49 526
65 50 60
65 52 268
65 53 595
65 54 222
65 55 267
65 56 645
65 57 114
65 58 50
65 59 15
65 60 388
65 61 117
65 62 228
65 63 24
65 64 649
65 65 211
65 66 786
65 67 531
65 68 269
65 69 201
65 70 168
65 71 798
65 72 449
65 73 747
65 74 104
65 75 262
65 76 525
65 77 634
65 78 602
65 79 614
65 80 58
65 81 396
65 82 431
65 83 1250
65 84 528
65 85 30
65 86 633
65 87 119
65 88 310
65 89 221
65 90 360
65 91 385
65 92 509
65 93 381
65 94 511
65 95 234
65 96 303
65 97 222
65 98 452
65 99 654
66 0 506
66 1 595
66 2 542
66 3 15
66 4 196
66 5 828
66 6 56
66 7 216
66 8 404
66 9 312
66 10 519
66 11 573
66 12 265
66 13 506
66 14 61
66 15 382
66 16 162
66 17 402
66 18 605
66 19 268
66 20 134
66 21 277
66 22 760
66 23 219
66 24 608
66 25 448
66 26 236
66 27 786
66 28 651
66 29 242
66 30 393
66 31 510
66 32 313
66 33 785
66 34 356
66 35 727
66 36 548
66 37 261
66 38 391
66 39 173
66 40 155
66 41 568
66 42 135
66 43 416
66 44 287
66 45 280
66 46 592
66 47 1132
66 48 725
66 49 735
66 50 44
66 51 405
66 52 259
66 53 499
66 54 230
66 55 281
66 56 519
66 57 386
66 58 229
66 59 773
66 60 565
66 61 163
66 62 378
66 63 454
66 64 1126
66 65 668
66 66 259
66 67 314
66 68 326
66 69 36
66 70 280
66 71 338
66 72 288
66 73 551
66 74 210
66 75 193
66 76 371
66 77 379
66 78 811
66 79 566
66 80 634
66 82 255
66 83 1103
66 84 876
66 85 657
66 86 328
66 87 497
66 88 374
66 89 187
66 90 679
66 91 101
66 92 465
66 93 328
66 94 121
66 96 233
66 97 76
66 98 360
67 0 460
67 1 715
67 2 264
67 3 993
67 4 694
67 5 636
67 6 466
67 7 533
67 8 302
67 9 414
67 10 463
67 11 624
67 12 184
67 13 404
67 14 735
67 15 484
67 16 586
67 17 399
67 18 608
67 19 142
67 20 222
67 21 894
67 22 146
67 23 880
67 24 997
67 25 956
67 26 492
67 27 411
67 28 421
67 29 447
67 30 396
67 31 769
67 32 427
67 33 332
67 34 336
67 35 200
67 36 287
67 37 300
67 38 138
67 39 637
67 40 171
67 41 340
67 42 395
67 43 366
67 44 337
67 45 358
67 46 1184
67 47 344
67 48 655
67 49 350
67 50 562
67 51 298
67 52 158
67 53 181
67 54 126
67 55 860
67 56 963
67 57 106
67 58 474
67 59 620
67 60 231
67 61 142
67 63 140
67 64 743
67 65 614
67 66 321
67 67 960
67 68 101
67 69 388
67 70 472
67 71 728
67 72 115
67 73 251
67 74 879
67 75 492
67 76 389
67 77 382
67 78 274
67 79 749
67 80 29
67 81 213
67 83 288
67 84 566
67 85 1068
67 86 641
67 87 504
67 88 100
67 89 272
67 90 321
67 91 56
67 92 22
67 93 42
67 94 417
67 95 512
67 96 644
67 97 446
67 98 372
67 99 241
68 0 644
68 1 482
68 2 526
68 3 81
68 4 235
68 5 106
68 6 907
68 7 285
68 8 774
68 9 279
68 10 627
68 11 668
68 12 413
68 13 120
68 14 124
68 15 614
68 16 419
68 17 451
68 18 166
68 19 286
68 20 284
68 21 282
68 22 823
68 23 506
68 24 471
68 25 750
68 26 292
68 27 583
68 28 718
68 29 173
68 30 409
68 31 372
68 32 243
68 33 184
68 34 489
68 35 194
68 36 148
68 37 277
68 38 18
68 39 487
68 40 254
68 41 455
68 42 673
68 43 299
68 44 440
68 45 220
68 46 219
68 47 682
68 48 557
68 49 444
68 50 357
68 51 240
68 52 354
68 53 884
68 54 152
68 55 827
68 56 868
68 57 563
68 58 347
68 59 214
68 60 728
68 61 110
68 62 417
68 63 490
68 64 238
68 66 337
68 67 825
68 68 296
68 69 56
68 70 237
68 71 803
68 72 108
68 73 4
68 74 100
68 75 238
68 76 321
68 77 686
68 78 450
68 79 450
68 80 518
68 81 125
68 82 232
68 83 1025
68 84 186
68 85 669
68 86 395
68 87 188
68 88 146
68 89 92
68 90 368
68 91 768
68 92 560
68 93 56
68 94 182
68 95 114
68 96 173
68 97 166
68 98 248
68 99 879
69 0 388
69 1 146
69 2 75
69 3 274
69 4 168
69 5 291
69 6 794
69 7 221
69 8 946
69 9 408
69 10 406
69 11 582
69 12 514
69 13 301
69 14 529
69 15 266
69 16 473
69 17 763
69 18 545
69 19 898
69 20 412
69 21 330
69 22 702
69 23 721
69 24 246
69 25 551
69 26 198
69 27 300
69 28 375
69 29 269
69 30 869
69 31 196
69 32 274
69 33 878
69 34 317
69 35 252
69 36 680
69 37 32
69 38 24
69 39 379
69 40 321
69 41 638
69 42 147
69 43 517
69 44 414
69 45 893
69 46 743
69 47 517
69 48 200
69 49 535
69 50 536
69 51 506
69 52 933
69 53 164
69 54 460
69 55 966
69 56 509
69 57 76
69 58 358
69 59 797
69 60 311
69 61 460
69 62 894
69 63 324
69 64 1133
69 65 404
69 66 208
69 67 469
69 68 348
69 69 180
69 70 92
69 71 285
69 72 175
69 73 201
69 75 902
69 76 121
69 77 376
69 78 150
69 79 538
69 80 874
69 81 709
69 82 90
69 83 663
69 84 318
69 85 1113
69 86 644
69 87 783
69 88 186
69 89 210
69 90 438
69 91 276
69 92 153
69 93 481
69 94 315
69 95 76
69 96 413
69 97 454
69 98 611
69 99 1058
70 0 280
70 1 465
70 2 254
70 3 275
70 4 257
70 5 354
70 6 1572
70 7 237
70 8 1429
70 9 268
70 10 728
70 11 1030
70 12 374
70 13 475
70 14 705
70 15 503
70 16 529
70 17 943
70 18 1027
70 19 459
70 20 726
70 21 879
70 22 1006
70 23 975
70 24 565
70 25 1265
70 26 502
70 27 413
70 28 661
70 29 903
70 30 1054
70 31 439
70 32 429
70 33 726
70 34 713
70 35 957
70 36 1267
70 37 472
70 38 46
70 39 848
70 40 625
70 41 1116
70 42 770
70 43 703
70 44 654
70 45 930
70 46 506
70 47 759
70 48 504
70 49 349
70 50 711
70 51 686
70 52 331
70 53 631
70 54 985
70 55 706
70 56 1486
70 57 710
70 58 574
70 59 183
70 60 241
70 61 234
70 62 712
70 63 388
70 64 1064
70 65 264
70 66 18
70 67 856
70 68 958
70 69 262
70 70 403
70 71 800
70 72 709
70 73 226
70 74 549
70 75 994
70 76 458
70 77 273
70 78 606
70 79 451
70 80 1032
70 81 544
70 82 286
70 83 998
70 84 946
70 85 1212
70 86 711
70 87 989
70 88 874
70 89 449
70 90 288
70 91 809
70 92 864
70 93 422
70 94 1000
70 95 536
70 96 989
70 97 496
70 98 868
70 99 1373
71 0 222
71 1 1000
71 2 350
71 3 358
71 5 864
71 6 241
71 7 752
71 8 422
71 9 442
71 10 404
71 11 256
71 12 252
71 13 660
71 14 324
71 15 132
71 16 426
71 17 132
71 18 669
71 19 544
71 20 98
71 21 813
71 22 225
71 23 721
71 24 546
71 25 531
71 26 200
71 27 341
71 28 471
71 29 694
71 30 221
71 31 270
71 32 382
71 33 328
71 35 346
71 36 249
71 37 493
71 38 501
71 39 478
71 40 267
71 41 45
71 42 447
71 43 126
71 44 191
71 46 45
71 47 224
71 48 567
71 49 401
71 50 295
71 51 517
71 52 130
71 53 461
71 54 261
71 55 798
71 56 835
71 57 270
71 58 324
71 59 295
71 60 604
71 61 49
71 62 42
71 63 112
71 64 1280
71 65 890
71 66 90
71 67 842
71 68 396
71 69 116
71 70 364
71 71 297
71 72 622
71 73 362
71 74 364
71 75 190
71 76 408
71 77 664
71 78 419
71 79 358
71 80 835
71 81 609
71 83 464
71 84 451
71 85 202
71 86 264
71 87 608
71 88 708
71 89 56
71 90 366
71 91 373
71 92 792
71 93 108
71 94 895
71 95 554
71 96 512
71 97 304
71 98 290
71 99 490
72 0 822
72 1 1231
72 2 402
72 3 691
72 4 42
72 5 638
72 6 621
72 7 376
72 8 218
72 9 220
72 10 874
72 11 929
72 12 812
72 13 116
72 14 418
72 15 604
72 16 850
72 17 655
72 18 1098
72 19 462
72 20 330
72 21 853
72 22 209
72 23 653
72 24 956
72 25 616
72 26 664
72 27 956
72 28 534
72 29 622
72 30 656
72 31 432
72 32 584
72 33 576
72 34 1601
72 35 644
72 36 391
72 37 1081
72 38 918
72 39 656
72 40 715
72 41 337
72 42 1080
72 43 574
72 44 300
72 45 550
72 46 384
72 47 657
72 48 519
72 49 540
72 50 197
72 51 754
72 52 548
72 53 688
72 54 1183
72 55 662
72 56 1175
72 57 698
72 58 929
72 59 977
72 60 464
72 61 342
72 62 824
72 63 192
72 64 474
72 65 413
72 66 509
72 67 648
72 68 346
72 69 339
72 70 669
72 71 944
72 72 91
72 73 368
72 74 688
72 75 782
72 76 858
72 77 673
72 78 509
72 79 1204
72 80 333
72 81 515
72 82 189
72 83 1107
72 84 881
72 85 595
72 86 495
72 87 1043
72 88 591
72 89 883
72 90 626
72 91 510
72 92 811
72 93 210
72 94 783
72 95 509
72 96 697
72 97 320
72 98 451
72 99 605
73 0 256
73 1 282
73 2 147
73 3 115
73 4 63
73 5 369
73 6 486
73 7 252
73 8 356
73 9 398
73 10 369
73 11 143
73 12 68
73 13 719
73 14 236
73 15 134
73 16 510
73 17 381
73 18 14
73 19 224
73 20 60
73 21 729
73 22 593
73 23 168
73 24 22
73 25 476
73 27 54
73 28 344
73 29 126
73 30 154
73 31 132
73 32 395
73 33 126
73 34 127
73 35 40
73 36 266
73 37 198
73 38 413
73 39 422
73 40 24
73 42 403
73 46 192
73 47 70
73 48 102
73 49 90
73 51 156
73 52 206
73 53 372
73 54 369
73 55 369
73 56 466
73 58 242
73 59 288
73 60 539
73 61 45
73 62 205
73 63 10
73 64 919
73 65 511
73 66 28
73 67 242
73 68 190
73 69 85
73 70 28
73 71 275
73 72 275
73 73 256
73 74 211
73 75 81
73 76 12
73 77 363
73 78 98
73 80 638
73 81 527
73 82 207
73 83 342
73 84 437
73 85 315
73 86 238
73 87 269
73 88 10
73 89 28
73 90 280
73 91 314
73 92 213
73 93 83
73 94 484
73 95 356
73 96 460
73 98 50
73 99 420
74 0 500
74 1 616
74 2 595
74 3 290
74 4 408
74 5 668
74 6 536
74 7 208
74 8 1097
74 9 440
74 10 648
74 11 683
74 12 777
74 13 299
74 14 239
74 15 498
74 16 737
74 17 1109
74 18 701
74 19 936
74 20 606
74 21 161
74 22 1447
74 23 779
74 24 1184
74 25 551
74 26 376
74 27 506
74 28 469
74 29 908
74 30 290
74 31 959
74 32 249
74 33 666
74 34 957
74 35 304
74 36 448
74 37 559
74 38 30
74 39 762
74 40 304
74 41 715
74 42 437
74 43 250
74 44 533
74 45 1002
74 46 849
74 47 1060
74 48 550
74 49 565
74 50 789
74 51 543
74 52 352
74 53 197
74 54 804
74 55 878
74 56 1674
74 57 969
74 58 168
74 59 431
74 60 542
74 61 120
74 62 628
74 63 446
74 64 683
74 65 546
74 66 420
74 67 1047
74 68 754
74 69 187
74 70 654
74 71 783
74 72 489
74 73 275
74 74 1194
74 75 763
74 76 789
74 77 382
74 78 791
74 79 490
74 80 921
74 81 88
74 82 486
74 83 1337
74 84 1106
74 85 697
74 86 1041
74 87 1060
74 88 563
74 89 843
74 90 1069
74 91 791
74 92 156
74 93 884
74 94 731
74 95 208
74 96 371
74 97 407
74 98 1271
74 99 506
75 0 439
75 1 288
75 2 153
75 3 270
75 5 576
75 6 119
75 7 133
75 8 224
75 9 246
75 10 250
75 11 763
75 12 476
75 13 491
75 14 173
75 15 554
75 16 519
75 17 187
75 18 377
75 19 285
75 20 326
75 21 915
75 22 258
75 23 191
75 24 495
75 25 129
75 26 684
75 27 847
75 28 350
75 29 217
75 30 476
75 31 428
75 32 496
75 33 931
75 34 684
75 35 126
75 36 580
75 37 365
75 38 536
75 39 432
75 40 848
75 41 754
75 42 397
75 43 633
75 44 511
75 45 336
75 46 303
75 47 582
75 48 361
75 49 765
75 50 945
75 51 447
75 52 684
75 53 390
75 55 392
75 56 510
75 57 809
75 58 53
75 59 738
75 60 373
75 61 530
75 62 673
75 63 475
75 64 918
75 65 290
75 66 457
75 67 686
75 68 499
75 69 393
75 70 166
75 71 765
75 72 352
75 73 1076
75 74 170
75 75 295
75 76 366
75 77 318
75 78 398
75 79 450
75 80 532
75 81 255
75 82 587
75 83 677
75 84 899
75 85 645
75 86 84
75 87 65
75 88 324
75 89 264
75 90 452
75 91 669
75 92 624
75 93 320
75 94 110
75 95 11
75 96 432
75 97 281
75 98 160
75 99 272
76 0 693
76 1 518
76 2 432
76 3 430
76 5 340
76 6 692
76 7 441
76 8 194
76 9 72
76 10 398
76 11 572
76 12 556
76 13 341
76 14 146
76 15 1072
76 16 578
76 17 722
76 18 1085
76 19 230
76 20 481
76 21 517
76 22 503
76 23 945
76 24 643
76 25 642
76 26 333
76 27 842
76 28 751
76 29 540
76 30 687
76 31 719
76 32 306
76 33 805
76 34 782
76 35 886
76 36 979
76 37 952
76 38 632
76 39 501
76 40 833
76 41 251
76 42 224
76 43 714
76 44 395
76 45 772
76 46 656
76 47 781
76 48 128
76 49 560
76 50 32
76 51 165
76 52 534
76 53 724
76 54 574
76 55 614
76 56 1037
76 57 974
76 58 573
76 59 855
76 60 429
76 61 522
76 62 531
76 63 200
76 64 696
76 65 209
76 66 723
76 67 451
76 68 434
76 69 273
76 70 506
76 71 313
76 72 262
76 73 187
76 74 242
76 75 537
76 76 831
76 77 899
76 78 190
76 79 436
76 80 471
76 81 575
76 82 182
76 83 1152
76 84 880
76 85 550
76 86 964
76 87 563
76 88 390
76 89 147
76 90 684
76 91 620
76 92 418
76 93 266
76 94 488
76 95 600
76 96 492
76 97 433
76 98 467
76 99 810
77 0 484
77 1 585
77 2 538
77 3 241
77 4 195
77 5 238
77 6 396
77 7 206
77 8 642
77 9 471
77 10 538
77 11 1064
77 12 54
77 13 380
77 14 634
77 15 169
77 16 260
77 17 200
77 18 603
77 19 499
77 20 424
77 21 649
77 22 572
77 23 955
77 24 532
77 25 314
77 26 391
77 27 571
77 28 739
77 29 191
77 30 358
77 31 790
77 32 268
77 33 678
77 34 1009
77 35 327
77 36 238
77 37 572
77 38 490
77 39 378
77 40 138
77 41 695
77 42 622
77 43 228
77 44 639
77 45 412
77 46 510
77 47 177
77 48 1141
77 49 382
77 50 373
77 52 384
77 53 480
77 54 416
77 55 710
77 56 1173
77 57 444
77 58 1264
77 59 347
77 60 354
77 61 192
77 62 202
77 63 74
77 64 648
77 65 130
77 66 262
77 67 889
77 68 102
77 69 678
77 70 581
77 71 339
77 72 54
77 73 224
77 74 541
77 75 1248
77 76 606
77 77 401
77 78 794
77 79 770
77 80 787
77 81 287
77 82 330
77 83 474
77 84 1020
77 85 682
77 86 773
77 87 544
77 89 50
77 90 234
77 91 456
77 92 722
77 93 345
77 94 481
77 95 424
77 96 386
77 97 370
77 98 885
77 99 346
78 0 700
78 1 792
78 2 240
78 3 433
78 4 440
78 5 530
78 6 263
78 7 256
78 8 1014
78 9 189
78 10 775
78 11 753
78 12 437
78 13 431
78 14 144
78 15 434
78 16 478
78 17 741
78 18 872
78 19 126
78 20 78
78 21 967
78 22 698
78 23 1160
78 24 473
78 25 929
78 26 698
78 27 670
78 28 414
78 29 748
78 30 535
78 31 536
78 32 477
78 33 492
78 34 610
78 35 245
78 36 633
78 37 793
78 38 391
78 39 785
78 40 252
78 41 196
78 42 307
78 43 106
78 44 594
78 45 1196
78 46 914
78 47 763
78 48 595
78 49 408
78 50 633
78 51 1097
78 52 1406
78 53 270
78 54 353
78 55 665
78 56 852
78 57 429
78 58 162
78 59 811
78 60 283
78 61 220
78 62 602
78 63 300
78 64 250
78 65 456
78 66 267
78 67 962
78 68 646
78 69 600
78 70 378
78 71 641
78 72 358
78 73 360
78 74 939
78 75 765
78 76 745
78 77 108
78 78 582
78 79 1031
78 80 623
78 81 560
78 82 167
78 83 1051
78 84 529
78 85 924
78 86 385
78 87 768
78 88 564
78 89 739
78 90 399
78 91 732
78 92 766
78 93 526
78 94 197
78 95 435
78 96 92
78 97 921
78 98 373
78 99 108
79 0 29
79 1 417
79 2 269
79 3 503
79 4 103
79 5 410
79 6 593
79 7 90
79 8 254
79 9 162
79 10 16
79 11 468
79 12 691
79 13 124
79 14 310
79 15 290
79 16 378
79 17 95
79 18 776
79 19 342
79 20 375
79 21 1114
79 22 162
79 23 732
79 24 207
79 25 674
79 26 859
79 27 384
79 28 334
79 29 294
79 30 648
79 31 46
79 32 535
79 33 307
79 34 481
79 35 361
79 36 751
79 37 582
79 38 141
79 39 228
79 40 502
79 41 562
79 42 230
79 43 247
79 44 784
79 45 746
79 46 618
79 47 644
79 48 542
79 49 112
79 50 350
79 51 758
79 52 1060
79 53 968
79 54 436
79 55 63
79 56 871
79 57 785
79 58 615
79 59 450
79 60 336
79 61 120
79 62 64
79 63 380
79 64 260
79 65 797
79 66 237
79 67 696
79 68 579
79 69 58
79 70 45
79 71 501
79 72 60
79 73 421
79 74 595
79 75 235
79 76 993
79 77 501
79 78 236
79 79 405
79 80 284
79 81 365
79 82 243
79 83 613
79 84 690
79 85 448
79 86 154
79 87 456
79 88 120
79 89 135
79 90 236
79 91 290
79 92 187
79 93 174
79 94 416
79 95 82
79 96 476
79 97 570
79 98 244
79 99 1463
80 0 161
80 1 492
80 2 375
80 3 504
80 4 446
80 5 338
80 6 799
80 7 648
80 8 599
80 9 24
80 10 328
80 11 586
80 12 301
80 13 164
80 14 576
80 15 566
80 16 610
80 17 309
80 18 28
80 19 126
80 21 318
80 22 321
80 23 615
80 24 822
80 25 773
80 26 416
80 27 165
80 28 138
80 29 114
80 30 427
80 31 550
80 32 262
80 33 93
80 34 132
80 35 528
80 36 215
80 37 38
80 39 291
80 40 337
80 41 339
80 42 391
80 43 332
80 44 80
80 45 518
80 46 539
80 47 288
80 48 344
80 49 515
80 50 500
80 51 136
80 52 270
80 53 146
80 54 574
80 55 174
80 56 678
80 57 180
80 58 261
80 59 268
80 60 297
80 61 128
80 62 110
80 63 480
80 64 322
80 65 129
80 66 235
80 67 148
80 68 368
80 69 304
80 70 580
80 71 578
80 72 120
80 73 33
80 74 36
80 75 508
80 76 142
80 77 452
80 78 119
80 79 657
80 80 112
80 82 12
80 83 103
80 84 100
80 85 884
80 86 322
80 87 266
80 88 395
80 89 151
80 90 557
80 91 209
80 92 145
80 93 84
80 94 287
80 96 520
80 97 90
80 98 545
80 99 112
81 0 392
81 1 1236
81 2 28
81 3 414
81 4 96
81 5 288
81 6 783
81 7 650
81 8 300
81 9 316
81 10 374
81 11 418
81 12 737
81 13 14
81 14 1039
81 15 626
81 16 117
81 17 467
81 18 188
81 19 16
81 20 377
81 21 324
81 22 152
81 23 76
81 24 363
81 25 89
81 26 433
81 27 791
81 29 114
81 30 417
81 31 617
81 32 498
81 33 112
81 34 277
81 35 495
81 36 388
81 37 162
81 39 706
81 40 240
81 41 73
81 42 694
81 43 407
81 44 75
81 45 704
81 46 395
81 47 452
81 48 223
81 49 502
81 50 680
81 51 24
81 52 143
81 53 24
81 54 304
81 55 315
81 56 872
81 57 973
81 58 181
81 59 289
81 60 149
81 61 224
81 62 523
81 63 310
81 64 393
81 65 480
81 66 538
81 67 313
81 68 77
81 69 452
81 70 376
81 71 1037
81 72 95
81 73 516
81 74 140
81 75 196
81 76 345
81 77 223
81 78 180
81 79 345
81 80 282
81 82 682
81 83 560
81 84 499
81 85 144
81 86 600
81 88 500
81 89 28
81 90 656
81 91 678
81 92 216
81 93 126
81 94 341
81 95 35
81 96 817
81 97 17
81 98 501
81 99 431
82 0 671
82 1 786
82 2 445
82 3 346
82 4 290
82 5 977
82 6 456
82 7 262
82 8 641
82 9 285
82 10 403
82 11 703
82 12 271
82 13 33
82 14 562
82 15 102
82 16 131
82 17 879
82 18 1228
82 19 446
82 20 350
82 21 710
82 22 36
82 23 408
82 24 862
82 25 789
82 26 251
82 27 772
82 28 23
82 29 430
82 30 663
82 31 464
82 32 640
82 33 422
82 34 365
82 35 680
82 36 473
82 37 612
82 38 90
82 39 208
82 40 426
82 41 645
82 42 186
82 43 368
82 44 363
82 45 398
82 46 677
82 47 112
82 48 890
82 49 359
82 50 557
82 51 544
82 52 529
82 53 669
82 54 128
82 55 858
82 56 604
82 57 324
82 58 313
82 59 207
82 60 238
82 61 254
82 62 300
82 63 390
82 64 415
82 65 168
82 66 717
82 67 1060
82 68 120
82 69 112
82 70 684
82 71 551
82 72 72
82 73 859
82 74 579
82 75 497
82 76 604
82 77 811
82 78 1081
82 79 728
82 80 808
82 81 320
82 82 466
82 83 1166
82 84 500
82 85 750
82 86 523
82 87 604
82 88 971
82 89 437
82 90 441
82 91 694
82 92 1106
82 93 128
82 94 533
82 95 417
82 96 395
82 97 700
82 98 212
82 99 719
83 0 199
83 1 672
83 2 277
83 3 396
83 4 486
83 5 435
83 6 505
83 7 261
83 8 546
83 9 372
83 10 87
83 11 681
83 12 109
83 13 454
83 14 212
83 15 347
83 16 329
83 17 247
83 18 620
83 19 308
83 20 218
83 21 434
83 22 114
83 23 456
83 24 122
83 25 563
83 26 88
83 27 477
83 28 367
83 29 44
83 30 353
83 31 137
83 32 40
83 33 423
83 34 1122
83 35 475
83 36 920
83 37 439
83 38 1014
83 39 305
83 40 541
83 41 45
83 42 502
83 43 832
83 44 136
83 46 187
83 47 457
83 48 715
83 49 946
83 50 274
83 51 302
83 52 482
83 53 792
83 54 804
83 55 142
83 56 1210
83 57 310
83 58 770
83 59 791
83 60 569
83 61 378
83 62 788
83 63 190
83 64 273
83 65 255
83 66 508
83 67 576
83 68 205
83 69 565
83 70 780
83 71 338
83 72 180
83 73 83
83 74 222
83 75 524
83 76 589
83 77 925
83 78 413
83 79 693
83 80 212
83 81 398
83 82 49
83 83 310
83 84 448
83 85 192
83 86 1043
83 87 812
83 88 161
83 89 451
83 90 840
83 91 210
83 92 405
83 93 84
83 94 560
83 95 528
83 96 245
83 98 313
83 99 180
84 0 592
84 1 1078
84 2 176
84 3 170
84 4 254
84 5 1363
84 6 216
84 7 48
84 8 306
84 9 627
84 10 381
84 11 130
84 12 587
84 13 622
84 14 630
84 15 783
84 16 473
84 17 340
84 18 722
84 19 902
84 20 608
84 21 583
84 22 376
84 23 255
84 24 714
84 25 565
84 26 40
84 27 54
84 28 338
84 29 599
84 30 330
84 31 362
84 32 341
84 33 519
84 34 793
84 35 702
84 36 415
84 37 410
84 38 65
84 39 152
84 40 460
84 41 266
84 42 446
84 43 330
84 44 630
84 45 605
84 46 718
84 47 576
84 48 1127
84 49 524
84 50 750
84 51 224
84 52 10
84 53 496
84 54 119
84 55 58
84 56 1132
84 57 194
84 58 357
84 59 521
84 60 678
84 61 32
84 62 238
84 63 435
84 64 681
84 65 647
84 66 80
84 67 531
84 68 164
84 69 25
84 70 62
84 71 558
84 72 447
84 73 524
84 75 681
84 76 67
84 77 553
84 78 473
84 79 985
84 80 464
84 81 416
84 82 402
84 83 1067
84 84 745
84 85 36
84 86 1074
84 87 195
84 88 614
84 89 501
84 90 909
84 91 599
84 92 387
84 93 364
84 94 963
84 95 168
84 96 641
84 97 538
84 98 445
84 99 696
85 0 716
85 1 683
85 2 284
85 3 225
85 4 489
85 5 214
85 6 839
85 7 674
85 8 460
85 9 679
85 10 685
85 11 800
85 12 276
85 13 259
85 14 910
85 15 730
85 16 591
85 17 562
85 18 698
85 19 524
85 20 272
85 21 312
85 22 618
85 23 228
85 24 643
85 25 423
85 26 308
85 27 405
85 28 340
85 29 510
85 30 227
85 31 853
85 32 103
85 33 266
85 34 818
85 35 297
85 36 400
85 37 78
85 38 140
85 39 545
85 40 103
85 41 164
85 42 669
85 43 500
85 44 386
85 45 218
85 46 404
85 47 493
85 48 604
85 49 280
85 50 622
85 51 786
85 52 551
85 53 348
85 54 382
85 55 619
85 56 645
85 57 419
85 58 570
85 59 78
85 60 339
85 61 155
85 62 252
85 63 510
85 64 482
85 65 340
85 66 433
85 67 398
85 68 173
85 69 511
85 70 560
85 71 889
85 72 267
85 73 279
85 74 669
85 75 461
85 76 355
85 77 208
85 78 594
85 79 495
85 80 749
85 81 13
85 82 541
85 83 330
85 84 684
85 85 529
85 86 988
85 87 258
85 88 429
85 89 599
85 90 647
85 91 763
85 92 438
85 93 84
85 94 261
85 95 400
85 96 330
85 97 363
85 98 750
85 99 728
86 0 658
86 1 269
86 2 743
86 3 38
86 4 234
86 5 293
86 6 57
86 7 244
86 8 431
86 10 578
86 11 41
86 12 692
86 13 287
86 15 629
86 16 493
86 17 762
86 18 306
86 19 108
86 20 297
86 21 148
86 22 625
86 23 912
86 24 171
86 25 856
86 26 183
86 27 822
86 28 155
86 29 445
86 30 261
86 31 338
86 32 329
86 33 393
86 34 342
86 35 500
86 36 265
86 37 750
86 38 208
86 39 190
86 40 198
86 41 36
86 42 246
86 44 211
86 45 932
86 46 657
86 47 390
86 48 250
86 49 218
86 50 342
86 51 435
86 52 466
86 53 286
86 54 432
86 55 560
86 56 704
86 57 456
86 58 109
86 59 776
86 60 606
86 61 239
86 62 96
86 63 64
86 64 472
86 65 435
86 66 129
86 67 578
86 69 443
86 70 312
86 71 624
86 72 539
86 73 402
86 75 612
86 76 269
86 77 564
86 78 400
86 79 865
86 80 108
86 81 1021
86 82 179
86 83 379
86 84 257
86 85 454
86 86 592
86 87 209
86 88 204
86 89 18
86 90 36
86 91 416
86 92 673
86 93 324
86 94 464
86 95 325
86 96 200
86 97 356
86 98 357
86 99 452
87 0 460
87 1 536
87 2 232
87 3 143
87 4 108
87 5 378
87 6 444
87 7 294
87 8 200
87 9 210
87 10 187
87 11 214
87 12 492
87 13 10
87 14 207
87 15 238
87 16 346
87 17 248
87 18 280
87 19 178
87 20 282
87 21 319
87 22 442
87 23 147
87 24 185
87 25 262
87 26 171
87 27 485
87 28 15
87 29 104
87 30 472
87 31 104
87 32 78
87 33 306
87 34 422
87 35 402
87 36 670
87 37 171
87 38 144
87 39 286
87 40 669
87 41 189
87 42 192
87 43 429
87 44 578
87 46 270
87 47 266
87 48 441
87 49 671
87 50 230
87 51 560
87 52 333
87 53 770
87 54 136
87 55 591
87 56 547
87 57 518
87 58 11
87 59 435
87 60 402
87 61 212
87 62 539
87 64 439
87 65 326
87 66 190
87 67 897
87 68 247
87 69 320
87 70 422
87 71 755
87 72 2
87 73 212
87 74 132
87 75 187
87 76 251
87 77 169
87 78 81
87 79 252
87 80 24
87 82 178
87 83 745
87 84 633
87 85 316
87 86 670
87 87 604
87 88 342
87 89 470
87 90 246
87 91 716
87 92 242
87 93 426
87 94 345
87 95 280
87 96 90
87 97 59
87 98 216
87 99 498
88 0 905
88 1 391
88 2 502
88 3 211
88 4 216
88 5 916
88 6 1011
88 7 434
88 8 577
88 9 108
88 10 296
88 11 385
88 12 415
88 13 637
88 14 648
88 15 941
88 16 488
88 17 503
88 18 469
88 19 176
88 20 217
88 21 450
88 22 808
88 23 737
88 24 353
88 25 738
88 26 152
88 27 1017
88 28 104
88 29 237
88 31 256
88 32 427
88 33 805
88 34 520
88 35 825
88 36 656
88 37 711
88 38 452
88 39 417
88 40 659
88 42 392
88 43 703
88 44 288
88 45 1084
88 46 678
88 47 564
88 48 271
88 49 483
88 50 943
88 51 408
88 52 301
88 53 866
88 54 144
88 55 770
88 56 728
88 57 348
88 58 313
88 59 905
88 60 1045
88 61 179
88 62 184
88 63 409
88 64 233
88 65 192
88 66 290
88 67 833
88 68 407
88 69 393
88 70 466
88 71 986
88 72 405
88 73 20
88 74 584
88 75 351
88 76 650
88 77 1081
88 78 542
88 79 441
88 80 760
88 81 685
88 82 152
88 83 931
88 84 702
88 85 234
88 86 262
88 87 638
88 88 574
88 89 140
88 90 676
88 91 657
88 92 841
88 93 282
88 94 695
88 95 287
88 96 282
88 97 220
88 98 128
88 99 592
89 0 829
89 1 1110
89 2 558
89 3 408
89 4 154
89 5 507
89 6 543
89 7 482
89 8 1022
89 9 721
89 10 888
89 11 935
89 12 600
89 13 450
89 14 461
89 15 485
89 16 688
89 17 1113
89 18 1174
89 19 762
89 20 260
89 21 936
89 22 307
89 23 551
89 24 677
89 25 843
89 26 829
89 27 924
89 28 449
89 29 864
89 30 808
89 31 838
89 32 461
89 33 818
89 34 711
89 35 381
89 36 898
89 37 513
89 38 682
89 39 536
89 40 376
89 41 539
89 42 254
89 43 277
89 44 503
89 45 554
89 46 768
89 47 933
89 48 864
89 49 497
89 50 612
89 51 630
89 52 995
89 53 825
89 54 399
89 55 796
89 56 1270
89 57 819
89 58 345
89 59 297
89 60 548
89 61 642
89 62 493
89 63 43
89 64 876
89 65 461
89 66 532
89 67 683
89 68 694
89 69 398
89 70 1277
89 71 418
89 72 769
89 73 362
89 74 592
89 75 527
89 76 1187
89 77 1249
89 78 558
89 79 1249
89 80 544
89 81 755
89 82 209
89 83 1053
89 84 874
89 85 919
89 86 1118
89 87 803
89 88 244
89 89 520
89 90 344
89 91 730
89 92 414
89 93 496
89 94 888
89 95 445
89 96 535
89 97 418
89 98 737
89 99 732
90 0 710
90 1 669
90 2 627
90 3 221
90 5 176
90 6 1002
90 7 191
90 8 632
90 10 920
90 11 472
90 12 98
90 13 374
90 14 412
90 15 282
90 16 786
90 17 856
90 18 794
90 19 813
90 20 54
90 21 589
90 22 490
90 23 383
90 25 718
90 26 494
90 27 962
90 28 661
90 29 16
90 30 412
90 31 575
90 32 300
90 33 307
90 34 607
90 35 517
90 36 339
90 37 555
90 38 162
90 39 1069
90 40 50
90 41 286
90 42 928
90 43 133
90 44 264
90 45 228
90 46 600
90 47 64
90 48 230
90 49 292
90 50 143
90 51 436
90 52 614
90 53 945
90 54 704
90 55 954
90 56 359
90 57 425
90 58 159
90 59 656
90 60 540
90 61 475
90 62 430
90 63 111
90 64 822
90 65 732
90 66 446
90 67 180
90 68 401
90 69 565
90 70 44
90 71 322
90 72 499
90 73 389
90 74 297
90 75 329
90 76 249
90 77 913
90 78 840
90 79 676
90 80 128
90 81 697
90 82 433
90 83 1134
90 84 247
90 85 548
90 86 612
90 87 666
90 88 269
90 89 379
90 90 670
90 91 659
90 92 475
90 93 267
90 94 302
90 95 100
90 96 487
90 97 207
90 98 550
90 99 1060
91 0 538
91 1 117
91 2 69
91 3 537
91 4 464
91 5 327
91 6 806
91 7 48
91 8 842
91 10 91
91 11 292
91 12 325
91 13 255
91 14 144
91 15 979
91 16 572
91 17 568
91 18 733
91 19 150
91 20 515
91 21 193
91 22 443
91 23 999
91 24 173
91 25 1303
91 26 818
91 27 364
91 28 63
91 29 558
91 30 403
91 31 598
91 32 24
91 33 263
91 34 192
91 35 260
91 36 293
91 37 208
91 38 376
91 39 443
91 40 531
91 41 424
91 42 294
91 43 505
91 44 88
91 45 544
91 46 436
91 47 385
91 48 353
91 49 501
91 50 463
91 51 96
91 52 618
91 53 712
91 54 480
91 55 258
91 56 1062
91 57 487
91 58 390
91 59 443
91 60 87
91 61 108
91 62 663
91 63 322
91 64 278
91 65 27
91 66 662
91 67 531
91 68 842
91 69 447
91 70 656
91 71 535
91 72 400
91 73 6
91 74 745
91 75 490
91 76 656
91 77 601
91 78 252
91 79 282
91 80 652
91 81 366
91 82 240
91 83 104
91 84 620
91 85 464
91 86 1187
91 87 333
91 88 441
91 89 173
91 90 409
91 91 566
91 92 80
91 93 216
91 94 1036
91 95 327
91 96 225
91 97 590
91 98 628
91 99 232
92 0 475
92 1 643
92 2 147
92 3 324
92 4 384
92 5 915
92 6 670
92 7 660
92 8 528
92 9 210
92 10 563
92 11 208
92 12 711
92 13 508
92 14 419
92 15 658
92 16 458
92 17 747
92 18 900
92 19 519
92 20 286
92 21 641
92 22 499
92 23 258
92 24 760
92 25 977
92 26 154
92 27 508
92 28 126
92 29 1010
92 30 185
92 31 91
92 32 200
92 33 591
92 34 182
92 35 450
92 36 543
92 37 451
92 38 325
92 39 973
92 40 401
92 41 281
92 42 398
92 43 100
92 44 210
92 45 322
92 46 376
92 47 944
92 48 391
92 49 246
92 50 115
92 52 696
92 53 498
92 54 402
92 55 613
92 56 753
92 57 420
92 58 67
92 59 279
92 60 383
92 61 203
92 62 699
92 63 386
92 64 591
92 65 657
92 66 75
92 67 718
92 68 873
92 69 532
92 70 607
92 71 753
92 72 735
92 73 471
92 74 342
92 75 473
92 76 297
92 77 424
92 78 872
92 79 150
92 80 497
92 81 227
92 82 168
92 83 556
92 84 199
92 85 225
92 86 919
92 87 371
92 88 786
92 89 743
92 90 206
92 91 599
92 92 441
92 93 500
92 94 494
92 95 736
92 96 454
92 97 421
92 98 310
92 99 268
93 0 515
93 1 375
93 2 291
93 3 419
93 4 662
93 5 945
93 6 629
93 7 177
93 8 387
93 9 440
93 10 219
93 11 402
93 12 295
93 13 572
93 14 184
93 15 84
93 16 269
93 17 729
93 18 1338
93 19 872
93 20 358
93 21 1046
93 22 504
93 23 36
93 24 770
93 25 831
93 26 576
93 27 1142
93 28 268
93 29 522
93 30 264
93 31 666
93 32 597
93 33 942
93 34 624
93 35 466
93 36 1001
93 37 487
93 38 352
93 39 171
93 40 804
93 41 367
93 42 123
93 43 438
93 44 164
93 45 358
93 46 842
93 47 673
93 48 95
93 49 90
93 50 947
93 51 434
93 52 328
93 53 1004
93 54 170
93 55 262
93 56 1354
93 57 635
93 58 416
93 59 1115
93 60 714
93 61 220
93 62 360
93 63 150
93 64 364
93 65 361
93 66 564
93 67 351
93 68 604
93 69 268
93 70 690
93 71 444
93 72 165
93 73 396
93 74 604
93 75 718
93 76 692
93 77 849
93 78 194
93 79 1091
93 80 600
93 81 200
93 82 289
93 83 730
93 84 507
93 85 569
93 86 716
93 87 646
93 88 300
93 89 409
93 90 211
93 91 717
93 92 203
93 93 676
93 94 284
93 95 92
93 96 163
93 97 364
93 98 351
93 99 571
94 0 818
94 1 813
94 2 325
94 3 586
94 4 241
94 5 654
94 6 1122
94 7 424
94 8 128
94 9 90
94 10 613
94 11 804
94 12 362
94 13 330
94 14 738
94 15 448
94 16 741
94 17 237
94 18 695
94 19 623
94 20 312
94 21 925
94 22 305
94 23 310
94 24 738
94 25 454
94 26 651
94 27 412
94 28 906
94 29 884
94 30 597
94 31 653
94 32 476
94 33 592
94 34 396
94 35 551
94 36 520
94 37 595
94 38 254
94 39 824
94 40 162
94 42 370
94 43 594
94 44 468
94 45 748
94 46 764
94 47 650
94 48 522
94 49 770
94 50 258
94 51 892
94 52 997
94 53 521
94 54 597
94 55 477
94 56 1164
94 57 951
94 58 254
94 59 284
94 60 477
94 61 81
94 62 650
94 63 152
94 64 1094
94 65 626
94 66 755
94 67 707
94 68 505
94 69 583
94 70 526
94 71 586
94 72 145
94 73 405
94 74 1104
94 75 204
94 76 958
94 77 221
94 78 158
94 79 587
94 80 255
94 81 315
94 82 237
94 83 1108
94 84 986
94 85 440
94 86 1488
94 87 638
94 88 185
94 89 454
94 90 567
94 91 122
94 92 169
94 93 599
94 94 316
94 95 180
94 96 699
94 97 602
94 98 689
94 99 809
95 0 804
95 1 539
95 2 336
95 3 511
95 4 214
95 5 192
95 6 632
95 7 321
95 8 382
95 10 225
95 11 235
95 12 694
95 14 229
95 15 220
95 16 575
95 17 558
95 18 110
95 19 154
95 20 260
95 21 749
95 22 36
95 23 554
95 24 520
95 25 522
95 26 790
95 27 557
95 28 241
95 29 682
95 30 528
95 31 548
95 32 550
95 33 576
95 34 496
95 35 661
95 36 644
95 37 700
95 38 66
95 39 430
95 40 379
95 41 441
95 42 60
95 43 594
95 44 997
95 45 1074
95 46 159
95 47 271
95 48 988
95 49 438
95 50 422
95 51 205
95 52 696
95 53 832
95 54 170
95 55 664
95 56 1026
95 57 326
95 58 421
95 59 477
95 60 416
95 61 272
95 62 628
95 63 967
95 64 779
95 65 242
95 66 595
95 67 534
95 68 593
95 69 22
95 70 215
95 71 374
95 72 146
95 73 210
95 74 454
95 75 617
95 76 116
95 77 926
95 78 654
95 80 270
95 81 265
95 82 70
95 83 175
95 84 964
95 85 68
95 86 814
95 87 78
95 88 370
95 89 386
95 90 624
95 91 24
95 92 557
95 93 118
95 94 554
95 95 287
95 96 432
95 97 520
95 98 386
95 99 709
96 0 178
96 1 289
96 2 795
96 3 526
96 4 170
96 5 24
96 6 904
96 7 651
96 8 1015
96 9 642
96 10 693
96 11 601
96 12 408
96 13 332
96 14 550
96 15 18
96 16 525
96 17 20
96 18 490
96 19 943
96 20 246
96 21 717
96 22 667
96 23 267
96 24 769
96 25 678
96 26 221
96 27 798
96 28 542
96 29 403
96 30 162
96 31 631
96 32 283
96 33 654
96 34 247
96 35 378
96 36 473
96 37 383
96 38 126
96 39 475
96 40 415
96 41 853
96 42 256
96 43 257
96 44 390
96 45 294
96 46 742
96 47 806
96 48 526
96 49 304
96 50 541
96 51 544
96 52 657
96 53 488
96 54 284
96 55 113
96 56 632
96 57 285
96 58 318
96 59 228
96 60 209
96 61 48
96 62 506
96 63 410
96 64 1168
96 65 925
96 66 175
96 67 659
96 68 182
96 69 464
96 70 265
96 71 484
96 72 437
96 73 344
96 74 185
96 75 288
96 76 405
96 77 564
96 78 737
96 79 594
96 80 799
96 81 753
96 82 141
96 83 895
96 84 392
96 85 1117
96 86 855
96 87 180
96 88 281
96 89 289
96 90 621
96 91 182
96 92 431
96 93 350
96 94 164
96 95 195
96 96 575
96 97 456
96 98 1136
96 99 804
97 0 379
97 1 929
97 2 632
97 3 473
97 4 113
97 5 622
97 6 611
97 7 625
97 8 249
97 9 64
97 10 778
97 11 685
97 12 607
97 13 798
97 14 630
97 15 190
97 17 786
97 18 561
97 19 164
97 20 797
97 21 567
97 22 596
97 23 437
97 24 373
97 25 528
97 26 590
97 27 789
97 28 728
97 29 437
97 30 688
97 31 921
97 32 670
97 33 530
97 34 121
97 35 961
97 36 774
97 37 829
97 38 262
97 39 688
97 40 135
97 41 612
97 42 592
97 43 267
97 44 775
97 45 120
97 46 794
97 47 517
97 48 1091
97 49 180
97 50 288
97 51 402
97 52 554
97 53 971
97 54 525
97 55 611
97 56 1570
97 57 763
97 58 706
97 59 336
97 60 837
97 61 589
97 62 247
97 63 338
97 64 544
97 65 533
97 66 849
97 67 743
97 68 662
97 69 946
97 70 550
97 71 977
97 72 409
97 73 892
97 74 558
97 75 665
97 76 441
97 77 810
97 78 1132
97 79 1174
97 80 72
97 81 483
97 82 595
97 83 1117
97 84 1363
97 85 161
97 86 1081
97 87 83
97 88 465
97 89 169
97 90 478
97 91 1019
97 92 414
97 93 294
97 94 652
97 95 566
97 96 1401
97 97 384
97 98 425
97 99 493
98 0 474
98 1 107
98 2 908
98 3 250
98 4 42
98 5 371
98 6 534
98 7 443
98 8 743
98 9 299
98 10 692
98 11 473
98 12 378
98 13 286
98 14 440
98 15 543
98 16 374
98 17 100
98 18 160
98 19 545
98 20 330
98 21 385
98 22 604
98 23 281
98 24 662
98 25 261
98 26 285
98 27 365
98 28 530
98 29 300
98 30 30
98 31 150
98 33 531
98 34 215
98 35 740
98 36 358
98 37 206
98 38 22
98 39 333
98 40 200
98 41 370
98 42 256
98 43 511
98 44 658
98 45 678
98 46 54
98 47 870
98 48 1011
98 49 300
98 50 308
98 51 164
98 52 364
98 53 726
98 54 80
98 55 173
98 56 568
98 57 318
98 58 448
98 59 258
98 60 570
98 61 141
98 62 578
98 63 626
98 64 385
98 65 267
98 66 468
98 67 391
98 68 351
98 69 305
98 70 419
98 71 600
98 72 362
98 73 301
98 75 202
98 76 586
98 77 458
98 78 414
98 79 438
98 80 426
98 81 714
98 82 68
98 83 995
98 84 194
98 85 388
98 86 753
98 87 123
98 88 131
98 89 209
98 90 980
98 91 190
98 92 361
98 93 170
98 94 179
98 95 176
98 96 386
98 97 228
98 98 794
98 99 414
99 0 383
99 1 335
99 2 258
99 3 184
99 4 264
99 5 220
99 6 1026
99 7 108
99 8 480
99 9 501
99 10 510
99 11 547
99 12 322
99 13 438
99 14 400
99 15 221
99 16 120
99 17 442
99 18 166
99 19 817
99 20 404
99 21 534
99 22 625
99 23 72
99 24 598
99 25 148
99 26 338
99 27 158
99 28 98
99 29 506
99 30 461
99 31 1106
99 32 491
99 33 154
99 34 467
99 35 408
99 36 371
99 37 544
99 38 280
99 39 378
99 40 134
99 41 257
99 42 182
99 43 236
99 44 130
99 45 32
99 46 244
99 47 216
99 48 96
99 50 660
99 51 280
99 52 614
99 53 327
99 54 240
99 55 176
99 56 632
99 57 571
99 58 669
99 59 342
99 60 1140
99 61 220
99 62 94
99 63 180
99 64 490
99 65 98
99 66 320
99 67 228
99 68 274
99 69 80
99 70 903
99 71 430
99 72 456
99 73 932
99 74 843
99 75 270
99 76 451
99 77 78
99 78 107
99 79 909
99 80 395
99 81 255
99 82 452
99 83 12
99 84 857
99 85 196
99 86 884
99 87 38
99 88 348
99 89 58
99 90 224
99 91 536
99 92 135
99 93 80
99 94 308
99 95 266
99 96 836
99 97 352
99 98 476
99 99 120
